-8304
11745
-11217
-1227
-11984
-7111
-10084
 3884
10276
13852
 6256
 4348
-5598
-11670
11808
13588
-6571
-2041
12644
15459
-1747
-12746
-1411
  330
 5059
-5241
 6814
11136
-9047
-4395
-9442
12522
-13412
-3259
-11485
-4186
-8189
 5357
-6015
 7301
-15127
  171
-6541
-15297
-7355
-13081
 8164
-15754
-6525
10880
 7972
-6703
 8358
 1618
 5918
-10952
 -470
 1301
-8316
 6950
 2749
12557
-15382
14863
12782
13916
-1559
 8038
 4194
-1890
-2632
 7753
11201
-13844
 6540
-4281
-14476
15306
 8211
 9378
-8565
10767
14422
14953
-1849
-3385
-6736
 1546
13277
-14797
 9123
-14145
 9334
 2516
15583
-5495
  243
13603
-15473
-9184
 8533
-11560
   16
 6362
12546
-2102
-14755
-10437
10016
-11778
   94
-9620
 2306
 2308
-15242
-2337
-4304
 4877
14081
-9666
 8830
16119
-11223
15536
-13205
-15047
-1035
 6204
