  -64
   67
   94
 -124
  -25
 -123
  -20
  -55
 -104
   79
  -11
   -9
    9
  -85
  -39
    8
  -58
 -120
   70
  108
  -85
  -16
  -39
   59
   89
   37
   22
  118
  -58
  -58
    7
   58
  106
  -48
   37
   72
    4
 -104
  -38
  103
  107
  -56
   -2
  -71
   49
 -122
  -43
  -62
   47
  -13
  -76
   -3
 -122
   -8
   59
  -93
  -92
  -98
   72
   53
   45
  -81
   49
 -120
  -51
  -33
  126
   37
   -7
  -49
  -22
 -127
   54
   -9
    8
   31
   68
  102
   72
  -33
  109
 -125
   38
  -97
   96
   84
  -30
    4
  -13
  -24
  111
  -85
   74
 -115
  -56
 -123
   68
   54
   78
   58
  -29
  -74
   83
   21
  -51
  -30
   22
   67
   91
   57
   53
 -111
   47
 -104
  113
  -67
   97
  -72
   69
    6
   30
  -61
  -47
  -48
  -81
  -33
   57
  -73
