-16147
-58833
-58328
-46145
-42212
32658
-159934
-53604
-8128
39263
-134656
-75456
-59831
62214
50254
-37138
-4170
16768
44156
-62145
-53525
20372
-59489
-6067
148215
35438
87027
-24641
-116615
19010
-17121
14074
-34132
49025
-126490
-13005
 7478
35249
 9667
-13287
-59255
-111887
-23514
-37851
25648
-97942
105418
-4545
-52491
-110757
11780
-71747
26480
15969
27392
-213386
67962
10506
106559
-22184
51426
-58004
26719
63666
-87063
 7518
18502
 1176
 6426
-27730
29936
50429
13589
-69402
13602
-70310
31695
-11091
12607
23020
-104526
10658
 8073
-68493
-45608
 5783
-39381
-77407
21798
104935
-19431
-61498
-17979
82526
21520
-70475
-121127
34600
-57820
-95377
54330
-13058
42314
49123
84930
-43816
72503
 7255
-32468
11871
-46861
-8732
-44646
68217
 1630
59636
-32281
28952
35493
23882
-7286
-6566
52858
 7349
40901
19183
-90649
73386
