    0
  255
  255
    0
    0
    0
  255
    0
    0
  255
    0
  255
  255
    0
    0
    0
  255
    0
    0
  255
    0
  255
    0
  255
  255
    0
  255
   91
  255
    0
  255
  255
    0
    0
    0
  255
  255
    0
  255
    0
    0
  255
  132
  255
  255
    0
    0
    0
    0
    0
    0
    0
  255
  255
    0
    0
    0
  255
  255
  255
    0
    0
  255
  255
  255
    0
    0
  255
    0
    0
   62
    0
    0
  163
    0
   26
    0
    0
    0
    0
    0
   28
  255
    0
    0
    0
  255
    0
    0
    0
  255
    0
  107
    0
  255
    0
    0
    0
  255
    0
   80
  255
    0
  255
  176
   34
    0
    0
  243
  255
    0
  255
    0
  255
  255
  255
  255
    0
  255
    0
   82
    0
  255
    0
   27
