158911
81889
-172069
37119
-3774
-130387
42584
-173427
 2151
46670
52881
77781
119195
-88732
-1114
161539
-99593
-17653
-37205
-101925
86031
-190275
64443
-51126
-280048
22334
108650
126488
-57207
-79859
104201
96653
56010
-99045
17887
-72483
213712
122017
-5276
284648
17819
208396
155695
-217575
70113
-22953
91413
-76188
-111982
-165501
17364
202770
24149
-182849
210758
84642
-151282
65567
94807
68768
173186
-3199
-116988
147670
-216265
-185262
174610
121395
-108674
63751
-136286
102473
-129306
48347
-260952
-7495
103882
239954
-122660
-68451
-179196
56827
-113157
-17263
44225
-174432
-168608
-147742
-244755
30739
-129996
145448
-218624
147433
64770
11506
15504
108963
-61856
185515
65646
127014
-65442
26871
183585
162517
73410
257638
75984
-33558
48503
-150448
37724
-74412
251016
-189414
-85013
-138845
139225
169203
93821
-118475
19919
206935
30521
131707
43376
-3384
