  255
  255
    0
  144
    0
    0
  166
    0
    8
  182
  206
  255
  255
    0
    0
  255
    0
    0
    0
    0
  255
    0
  251
    0
    0
   87
  255
  255
    0
    0
  255
  255
  218
    0
   69
    0
  255
  255
    0
  255
   69
  255
  255
    0
  255
    0
  255
    0
    0
    0
   67
  255
   94
    0
  255
  255
    0
  255
  255
  255
  255
    0
    0
  255
    0
    0
  255
  255
    0
  249
    0
  255
    0
  188
    0
    0
  255
  255
    0
    0
    0
  221
    0
    0
  172
    0
    0
    0
    0
  120
    0
  255
    0
  255
  253
   44
   60
  255
    0
  255
  255
  255
    0
  104
  255
  255
  255
  255
  255
    0
  189
    0
  147
    0
  255
    0
    0
    0
  255
  255
  255
    0
   77
  255
  119
  255
  169
    0
