44930
54026
41646
107320
84400
41786
22805
12195
78535
19959
30678
37745
38466
62336
54983
54452
86526
77151
81208
79506
53412
-13454
32662
22709
48173
87599
42804
68838
68563
80244
47004
32879
56892
56668
35264
27207
-1577
10654
73141
66441
72499
16444
58495
64600
46441
41447
 1462
17457
53904
63834
49621
63735
59345
12245
64270
59251
88671
32360
48699
50979
23982
   -8
48522
46704
68097
35989
58607
20775
 4891
38040
51785
58778
27989
20190
50555
31640
-16660
37954
43713
29015
42441
70408
48159
54892
55385
57878
51479
54151
41490
64833
26403
43762
42365
91249
31109
28521
90877
75139
31745
34814
16553
23960
53436
24069
62275
78232
48801
34883
50085
59659
77019
39575
35421
45000
37480
17098
53383
41420
40605
 4451
49422
22152
49308
54859
49216
57212
69297
13488
43086
 6402
59769
73818
67819
38189
51737
25275
45344
39942
38438
-21476
30678
19700
  393
60081
51238
63898
42536
38497
13897
31853
39732
38244
35807
58143
49299
33123
68766
54038
43340
38257
36812
62510
-10828
30060
24938
36581
42205
40332
65420
57399
75745
59590
31945
53568
26128
63161
62411
53196
10588
17353
12659
76644
39667
37086
92090
49146
82357
50050
20803
44082
39876
63465
55893
23678
26746
48513
72304
51980
65471
35747
28383
26856
67325
47756
23455
58450
14833
 5564
53792
25185
76846
42535
38477
14768
19652
26440
64430
47745
73497
17998
66746
64682
86368
61286
51107
18289
36737
74965
13747
24742
74284
59932
51472
20752
41290
37368
73182
23480
92646
65866
55037
66072
50913
68800
22688
25811
49578
86168
55615
54727
60187
66546
53200
27652
  992
-22790
48315
37862
54091
31106
65356
66579
71664
73542
52721
43384
35818
 8007
35684
57715
82034
69955
73093
30491
30261
50702
20475
37362
31229
-1934
48396
64789
43117
52267
-4597
60654
100271
54991
49335
34549
71024
40072
37937
14957
 8569
38794
-3700
56203
36750
63635
63516
40482
63655
61959
73594
38708
30871
59440
56301
58030
44296
75795
35007
24349
71974
39268
109785
46752
47340
34887
40190
42632
45002
86946
66911
34729
35057
38404
21471
14163
10194
47682
 5646
30587
31356
75830
28981
81608
65376
23254
76036
64112
67152
54772
45465
50647
26070
74463
63209
70843
32749
42232
66089
18661
55597
29159
63224
56979
50954
10583
50421
30869
38780
67082
56816
43929
71115
83931
76628
10293
33316
30733
44273
36473
36206
31829
42927
40455
92710
39696
18163
39854
33598
12591
 7032
17804
 3389
 -487
50141
69132
53350
58195
20836
29731
22040
48345
61537
73484
29262
15549
21377
64038
55169
66417
39359
43688
23536
30064
13537
16366
46603
63147
40501
49012
39723
75062
60212
103085
71176
75433
34697
49850
12195
47923
29575
52668
 3578
28081
36290
68129
16624
20557
25223
48702
86789
11340
48875
33072
12593
14545
20952
46355
27216
70538
47406
93200
47856
 9094
58611
54806
38409
75098
63564
61594
 1926
12764
41040
15743
52364
61372
40219
35490
21984
37540
23817
61436
22051
36226
57750
29873
51246
12404
27740
28503
31829
29480
24596
21665
 9396
30478
11612
23947
59430
13281
52779
31478
21867
27950
12034
-2744
 8351
28399
47385
61139
48215
58673
27003
33605
24347
89203
44879
47901
49066
36298
42976
44944
56356
66883
60435
74396
38809
49799
18095
42878
40955
63413
47178
45294
52787
17157
 8719
48296
82470
66621
40003
34924
44763
25614
46878
48549
91477
44802
18583
10340
34255
30699
38401
37341
73637
43057
48961
30887
46510
41149
55340
62799
65523
39059
47855
50221
57969
15047
71036
45036
36072
43708
39598
18109
41615
52565
36823
66124
71034
37136
23632
 3290
51651
19514
35151
 2317
24506
17569
32285
98580
33751
53442
59862
93623
73723
47217
24054
45138
41901
46921
25802
46178
23192
40798
53968
26152
59332
20567
60521
63672
68781
56028
52088
43642
51907
33413
46442
43987
41351
12489
71503
34878
91357
39801
27274
 -439
15521
11844
41166
47897
42155
42094
26626
25831
55317
88675
61583
33339
-29769
47738
47261
68441
48036
52246
26803
20834
 4498
49243
15550
46980
51493
43957
41696
49709
37563
18716
33310
45386
53028
97691
49955
16903
27194
35167
64224
49829
45684
85328
17524
25845
14484
70053
60251
43085
13255
14709
34197
15459
33868
50944
77770
69489
26568
58957
60621
73687
84390
97674
 6047
18556
31829
 6417
36534
92132
29806
40710
47306
79042
40825
49485
49356
53721
42962
87500
35026
52627
53798
26196
68005
44809
40683
31817
 9452
32324
59006
32441
43647
42943
96320
55044
58639
20464
61109
34724
37019
21197
13905
51670
75420
76908
46551
55781
37720
56728
84667
40119
57378
32179
64990
55624
84257
47649
47775
23775
34389
16298
47693
77028
40604
44191
72694
15676
20172
44697
33281
41660
61290
69461
24373
33284
46909
51443
80348
61834
39984
30370
11872
33191
50056
43553
55188
69045
51267
39775
53806
81136
34954
77436
57291
71013
23731
 8856
28024
40233
82740
37149
51346
31317
30489
55685
65013
67181
45161
27968
47868
19516
70288
102499
58605
74146
50134
 2065
 8675
-9510
 8935
71355
42379
56915
24992
53283
70047
106709
79411
52247
84777
35361
45219
54446
46449
39196
-3454
56935
73534
33079
53977
35135
56194
27723
50734
49173
62821
66814
26385
55088
34030
49588
39009
24876
15749
30883
13182
59262
71436
35227
25879
74654
83158
41212
41317
74660
39168
13107
15200
28028
59361
59748
33888
43646
31682
45546
45355
36569
 5089
29582
48905
60690
32229
23985
14046
18550
39846
44430
48662
16276
44609
70962
50257
42294
22924
19929
 2378
10794
40082
76387
49036
77018
18734
75705
65551
90650
48636
50400
26427
28296
68674
84623
36805
44825
27528
56453
54403
49141
81461
51742
56456
56011
40005
52684
36712
45745
61317
92160
79263
39662
44357
44749
44407
63294
30309
40770
14244
48012
53239
29854
63854
39680
52947
54384
68726
35577
39276
56339
49166
32306
22045
32366
50772
26610
55617
61288
70447
42501
62727
42300
35810
33713
67751
39925
56968
46787
47842
64674
58125
38511
-1130
29439
81949
 4503
31280
19541
60063
26797
33835
18478
-4081
16680
54566
72409
23852
 6200
75085
79255
59440
25662
65167
53214
32654
16365
 5758
46052
46646
48763
37277
 2716
73548
87126
89443
68719
74634
40687
64528
91085
60935
28511
35230
45325
87865
37685
55372
27896
13851
52927
55425
81604
38799
38629
20723
30959
14879
52454
74572
62884
56707
32384
38564
69378
36644
40108
20683
43410
19095
59504
42851
54322
77465
46990
61591
81471
60894
61261
61263
49592
51205
16957
39722
19378
65115
42008
77597
59026
40604
85854
68103
59165
66262
 2074
64471
61582
63703
87621
60188
60186
13101
19075
23160
57469
16258
86640
69564
59965
42277
55159
31185
56412
27993
47884
31548
71807
11987
95391
46516
75074
37097
55809
51733
36527
59230
83847
58791
 -692
67832
61446
58289
69526
42596
56231
52558
41731
44990
19312
36783
24776
73667
31652
59828
64014
52025
32170
43240
40447
38899
64694
49783
12199
20789
-4570
 -105
 9917
22154
44891
31746
40868
63399
41879
54249
21087
58473
66581
22303
24579
22906
44789
-7676
59137
39093
44035
50908
49588
61761
48862
56214
67136
61024
36487
47348
21092
41757
60459
19721
20812
61643
55298
86226
60554
42072
27587
51372
33821
31285
52962
61829
59447
50776
16871
50323
70333
71128
81765
58341
73013
35752
35437
23020
53449
53336
12428
10830
-8071
51626
55838
42114
40649
19903
 9350
31038
18256
74099
42875
28425
42257
17770
 -506
 1054
37446
44713
70948
52280
58372
79252
 5738
51125
28963
21984
32324
63358
60196
52389
40928
62733
54941
35397
20244
27151
45075
35213
58928
38579
31361
74569
28382
78194
42446
53118
55778
66388
33801
58518
33932
51190
52764
28933
19972
40533
59118
51180
37255
74598
63378
49522
28919
46469
31187
20131
31048
61107
 6324
-25250
29563
23177
39518
26461
66814
60895
32856
47455
  605
49049
 2508
18804
11701
17141
  990
16077
13906
52247
100165
76859
42855
 1297
45407
25114
12015
76008
35585
38252
13825
66526
60731
57659
51374
52791
47141
39370
28435
24004
59345
69114
66780
52381
31325
60024
89756
50093
37241
36023
69075
66892
31261
56335
45241
74319
50454
15621
17829
77774
37568
53394
23520
16784
55293
44622
40092
64136
55254
102405
79780
47830
 4943
 7382
32204
46447
30351
34441
70873
24613
72625
30608
55051
33443
73277
36891
11340
27520
69288
75491
31813
26910
 8025
31467
51836
84214
27430
19261
42369
26577
31502
47666
40785
41355
42100
51968
53216
41145
78848
36027
59627
33410
73720
99738
53984
48880
 9886
23619
40809
41444
51626
68181
43390
29236
72002
23247
31979
47201
54602
36325
39992
39980
61279
23836
61872
51883
46064
34752
70495
41817
43322
64183
54263
15860
16055
83052
56866
71027
49358
74964
63459
62800
62537
65381
53095
19540
72822
67674
39346
41106
59339
40526
45413
53636
43208
32277
13961
52444
59947
31631
16856
73114
70854
61795
74770
36353
71205
51897
37771
 4534
57955
86417
41202
57816
36937
75873
61564
52918
51974
43919
44571
22266
11556
15878
42534
61300
41401
32536
43052
51211
49980
   -4
46796
50624
35388
59550
12036
 6785
13254
24675
30654
61190
51317
82468
53334
61991
51369
21827
27506
57875
63516
48163
86585
68674
13202
31200
52017
50696
73828
36099
 -970
61444
78032
70884
25744
66255
37516
57220
55792
44450
60801
59629
17597
50356
33552
31485
44766
36655
77353
36339
 3776
68998
67140
37147
67006
51220
58638
84366
69574
84243
43773
38224
17275
53123
29684
43661
57758
80614
46262
62983
40663
11701
70196
33628
49078
56365
38660
24093
38128
84642
55214
48933
25973
36093
65092
14243
33171
11217
21112
52552
58760
26293
53943
52431
23806
34278
49823
22433
76365
59369
62319
65912
78561
100750
33923
42819
28455
33510
73817
53403
27810
51371
63432
70127
37968
18598
-20811
32432
17018
76454
47491
54090
44252
27768
 6468
-4997
24329
49569
75379
41362
50921
21832
53610
45163
-1907
 5054
29148
77908
76272
29880
49771
54122
52156
18599
57966
16358
35171
66801
30167
52752
55900
67132
35406
96502
19055
19052
46177
59128
65164
33545
52282
26875
68451
56966
31036
34322
48820
28808
23630
20050
71970
28287
64655
50348
11657
-7941
80066
53681
38350
30677
26945
19222
51577
47211
44216
41948
80767
52785
54121
48461
17755
35855
23421
30427
53583
64826
64999
105559
46853
51068
38965
63101
44669
68813
34733
92069
76643
62602
50143
58175
59923
57684
44793
30645
38529
32692
14743
69934
10626
32003
35640
40947
34654
27283
35820
34196
25908
17387
66839
44274
66493
54086
26312
58756
54594
11137
42545
46602
92842
81914
34545
51916
40167
57864
53314
42934
30390
109862
88318
38479
50994
59391
59247
69446
33585
77144
45745
76507
73778
35103
16908
30846
25140
24027
 4230
53804
69277
88369
71675
66339
34758
42253
70336
38598
43253
77077
63404
34633
38899
31131
68213
25894
52344
63581
48369
26916
19890
47263
51162
61383
31998
45146
42514
22300
 -893
52753
75653
47677
49461
33106
36209
39047
59033
13138
22522
36745
67568
94646
39353
58802
23440
74318
33307
60862
55062
63234
55098
58478
33908
60397
62710
43158
60946
-12385
39797
45417
68439
65963
74995
19988
32606
38485
50767
47290
44907
67843
38972
76703
41016
58016
43541
50378
66894
67253
20958
51856
66007
78482
65948
75697
34206
63460
36261
39288
32286
37984
60804
44072
90471
76498
36235
13195
12958
72899
60626
53144
34516
39688
35375
36709
23832
-13164
89664
59818
71230
38292
36882
47320
50247
18218
53468
80192
89647
95081
49361
65961
52284
34725
42475
33733
50986
57752
70555
33840
60955
50509
66588
59994
20395
31853
35425
66817
51473
76932
43794
52950
40736
41571
43446
24315
56695
68308
51622
69359
44381
-18621
36901
30723
41186
  -90
44817
53445
24637
58272
57961
85466
75305
45058
48332
31726
20331
-1681
76590
 9256
72415
36173
74282
38404
 6076
27826
-3221
54757
13430
34601
84571
59680
57464
27404
32790
64236
19558
36482
30928
72709
46190
39461
36469
19271
42107
31547
39075
64278
52516
27872
67018
25462
23036
66465
43350
12346
28696
20117
58644
29940
61543
18578
34912
74027
73440
35123
46790
45994
 8547
69464
59369
45324
75801
32010
33759
55607
43571
60058
62506
27273
47838
56673
63309
64407
48999
46084
49198
21193
49336
41598
38814
47632
37032
34153
38348
37772
50991
39660
39311
47440
32207
48261
34559
25709
 7751
47561
78267
114992
66316
60927
 -428
32495
24590
45696
20468
32119
23553
39250
67882
70658
50636
72474
75428
44705
91395
32909
27719
41734
57211
27508
61351
16747
25940
27435
45139
41098
70474
29769
37009
44022
50978
45242
32889
45881
50191
61859
44394
69939
28354
57017
53612
12241
62130
35868
45663
23924
31866
26269
21962
57252
55282
 2876
12235
25845
38002
84099
39947
42148
31590
24412
18852
41446
36444
39058
43037
47278
44183
48133
45998
83025
54488
76742
34218
68840
44613
81028
29877
22510
99128
33278
36321
47929
50842
10554
68567
17184
27399
62347
69703
61855
30477
24282
59304
22165
52127
11856
53710
94607
65923
24315
17232
40582
81818
98268
20266
29348
52884
50207
21991
38046
13203
49708
80848
19063
32109
10692
34117
53390
49246
21813
 9551
17424
48246
74352
45070
44420
70468
87108
69569
59683
79296
11226
39369
34775
23671
 7192
61105
20987
46490
57881
49374
25133
51544
10209
14431
85942
28080
 8370
43294
72188
50933
28435
76558
36162
41559
66808
85096
 5353
42083
34307
73291
50734
44881
49913
83715
74467
28998
34086
37923
43401
19237
33811
68705
70794
44807
63301
42094
84880
53803
27977
53475
22914
28006
68415
28329
78313
26622
27263
16947
45323
47240
39314
12059
83824
35604
36924
67110
46724
-3509
53792
65430
23829
55437
25364
53118
61995
46579
48945
45250
62021
36830
37328
36189
47572
29853
10627
46965
28370
104755
41108
19579
42210
49416
51671
70047
10610
32991
29941
50590
49954
71363
57815
51267
27838
31539
31878
69439
90737
50522
78285
22687
72020
30433
98121
70401
35447
 9897
60686
65751
85794
15432
73508
14690
33641
70420
49377
66712
86803
53788
50245
64159
22258
-18821
 6940
55667
23232
52997
49314
 8423
55910
83832
40499
10825
34279
33878
 6860
53157
93884
46523
44109
72537
44101
47217
30510
37710
41640
42561
33328
77648
83849
54443
27989
44200
15911
64903
32549
20335
33115
26784
37728
40242
52331
78147
30427
53485
89989
52595
62025
69066
21639
63586
26125
51862
38659
95867
11640
17516
27016
44645
26789
36877
50988
-2689
29818
57773
82072
24436
32518
33325
45195
70410
62360
28993
50078
68528
22193
19860
81198
61285
30669
53250
42412
60114
47189
36176
38073
37904
54155
61362
75393
48599
87671
43112
38880
32417
56849
57161
70564
43297
52105
14451
50956
36110
15995
53951
66332
59795
 7746
56906
47658
54998
44380
23558
38930
10145
66837
60873
54456
35276
60115
14395
19437
25834
13597
52734
85551
70353
11798
55863
38542
10674
29619
25809
 9835
23126
42380
21667
47859
62258
23464
31071
26655
48155
47987
56539
32429
86809
59360
71802
56648
57902
37824
51659
67754
57064
26828
59372
49093
64470
57669
37145
58485
 2493
41982
23691
43859
19124
78003
37765
75487
70414
34452
86646
97890
38170
66091
30169
48689
81643
58888
53966
50170
  144
48017
34209
64988
55765
33584
79487
52319
60809
 9359
73373
28341
35441
57787
56845
34034
53480
83479
34523
68526
58279
40269
55999
16348
57579
 1816
60503
55822
35587
49475
26769
24728
47355
22154
46173
30951
62114
46745
23522
27275
32783
43474
54032
43988
43900
13171
26005
55119
47122
80081
-12649
62044
58348
86947
87218
88654
26774
35880
70683
32096
 9448
20514
85644
50535
34096
20449
31190
24726
60601
47411
34588
34065
42782
20581
60833
29766
46596
40524
31199
22108
39092
33317
39800
64096
53646
61282
43681
49676
63270
27619
40711
53600
29532
25159
44277
67584
59737
24013
29633
62135
78322
64819
74083
49551
46552
49231
34385
35457
45242
32388
94405
42433
60249
30896
29762
67549
23724
 2545
72884
24473
58566
38551
62633
95496
61939
58778
57720
35715
60054
50195
43985
101497
34367
23556
41709
77942
37342
28902
 2817
21147
66150
66016
50326
43382
48057
36872
79716
80572
89487
19486
39812
33847
44770
60231
83330
49336
20828
54077
54043
67480
16681
72267
13480
30673
52263
16033
36896
48617
76317
43675
-4158
38798
20229
53990
28983
18765
18405
-5526
52885
78092
33646
22068
46473
118277
49958
18938
45878
67684
40319
73695
38030
66238
74526
51107
52627
64355
56863
17318
38039
65778
 9807
32270
61504
40702
73750
32129
24908
44700
32111
29523
30769
27133
25437
24415
45085
68411
96260
44504
93504
39588
68988
36894
13519
31246
77167
62170
34948
76888
56676
84750
50312
18361
 4548
45763
71079
69934
34293
77264
60245
33530
57384
30071
36659
71812
57564
58741
25799
-17465
22432
55302
62716
47168
41675
32626
62139
58570
45380
19007
65050
47580
58588
23428
52668
29695
15765
36653
93582
52271
17121
49897
30286
35556
59837
65833
62935
58302
44659
25038
18421
44684
45741
-6574
79229
42113
60096
81188
76720
 -342
58575
66211
28869
36608
63509
83549
53355
53558
55673
37255
39728
58657
62665
30779
-4759
37721
89075
55462
21756
14276
33642
 8946
55637
64596
40285
36003
33659
32176
52305
27536
38847
 3152
24438
69055
65785
20849
81147
24102
19502
45668
32031
62641
 7305
14140
55652
77990
30676
45770
57640
38575
41942
27433
33764
39726
 6400
42787
36431
78849
51231
77843
35655
53874
37511
34712
36134
43829
86024
57813
 8271
31437
50572
55894
 9892
14382
70408
32064
77403
56791
47837
31088
24880
34276
73217
38033
24105
53735
25133
75683
29740
25226
55340
86658
69286
16100
21869
74780
63239
62250
10625
58254
45136
30848
39868
52942
48520
43801
82814
21628
75924
35789
70378
25618
67354
15187
14979
58386
58033
51950
27607
69825
10442
25917
 8961
54576
40926
43534
48390
26719
64367
20498
61317
57265
23055
 7638
18250
71567
33976
40463
22381
49516
26114
58746
44060
91900
59858
39091
 8286
15777
75279
72279
45652
55668
67035
50826
41513
49867
26491
40981
54027
58198
73046
66307
66614
61371
22528
21630
69495
50354
30091
70396
34120
40646
27788
50703
44091
64650
43303
38775
71150
-1783
48025
 3782
59991
55358
76806
30803
38032
40972
48280
99372
41609
95830
12030
61264
98826
91721
68231
41291
58394
24725
19821
48164
25687
45068
68622
72973
86579
70860
72222
72794
51828
75240
47150
25414
38810
58415
82770
65995
59191
40299
31136
31100
49374
21302
32719
26273
48380
16132
62066
25412
76592
36103
 6918
24612
61089
62239
92890
55772
36477
41309
70046
40767
16782
29695
82862
39638
50074
30936
25040
75849
47955
-1421
37839
16934
-2382
38462
86226
68148
 7384
 9611
70631
67364
41291
16822
66417
64001
 3160
-13717
85461
31882
93605
 5142
21066
41815
45666
58760
33732
73326
82529
55840
13527
35315
53252
64679
47201
47267
52412
33775
85312
74369
58110
45441
44100
90466
22773
44798
34934
70795
61915
31629
47822
31647
51287
59328
43481
59542
35133
102038
67167
54782
42078
58741
38212
48525
60539
62759
54167
12288
29641
55930
36686
45255
73097
103969
54899
35752
44032
 9619
25894
16450
64913
72183
39806
38018
61983
49630
58113
64691
 2549
50463
44987
33598
13700
57481
64898
56052
74111
36744
44763
41413
35031
 9445
38754
39717
19241
55629
62660
29694
44976
47060
67152
48163
43350
42044
59251
76353
19369
-5536
62000
58395
13099
53736
67432
44408
47033
40107
60682
47753
55059
54991
16315
50472
69967
68305
26883
32119
12395
37781
23237
72699
82397
60568
28384
74491
52917
90802
34461
40355
52884
 5099
29434
20890
68133
74358
81726
74047
29143
34353
50294
10519
44709
57022
62777
45863
16544
28508
30237
22637
45730
46119
21241
25506
37544
56147
 -282
81411
70597
55470
61234
49491
43829
41950
44423
29937
13196
28739
53948
55757
19217
59159
38303
32679
50241
74810
48955
13279
53945
53749
82382
-2734
47544
38376
45754
27954
10527
23044
16414
31642
64162
60941
41634
116122
56581
46166
70140
50444
55030
29831
39478
38802
48689
41417
31186
52339
35256
27299
22910
34830
75340
21596
54739
12561
25034
58623
58552
14272
65802
44751
62207
96966
55495
50296
33596
73181
41110
 4513
28357
54768
56354
59969
39030
40006
68004
68596
41020
25591
22961
-6499
57843
65699
 7683
43740
24376
-9505
15008
51351
38363
50790
98278
42649
80291
15504
64498
63105
49295
43928
 1375
37743
 8839
36286
38352
70165
50752
79415
38094
52489
74204
81185
66118
16927
83041
54311
56884
63650
20333
91649
63941
63497
32772
26530
40832
13903
46473
55243
29010
62622
79092
53076
52253
36771
50810
69063
33625
65316
90620
70553
49804
58283
50643
23394
44691
72778
63956
51002
23638
78248
61949
44984
23581
60719
19577
 1955
37890
82139
34858
39624
92517
72815
73589
79225
32406
62144
62938
77131
25860
61749
23386
11984
48568
16991
56348
32957
53483
58106
30845
48715
57432
34378
84539
41515
37011
54230
35966
62700
37818
26549
22245
71119
69135
22929
21565
81831
 6020
54655
53530
16207
36274
78039
62454
38960
10734
60387
38576
58936
55833
30942
66340
47259
41484
49170
64738
12479
33158
46201
52280
45050
57838
27777
66986
26069
78361
23783
56856
48620
20571
25319
27961
57625
73777
44879
51379
29755
53123
40103
70705
39463
49688
61937
16162
11401
67957
 7791
25998
44727
59574
48685
42433
58226
66638
19331
18678
66134
93919
66109
33325
20846
23743
18033
47070
50914
46709
53101
32441
48483
57027
79842
83714
48269
64457
20591
77243
31569
43802
51175
53048
34761
-2752
36077
64845
29779
50730
43720
53766
87736
82897
17364
15011
41933
22172
61688
54633
46336
39644
32175
14348
49702
43349
48092
45408
 6246
28503
49694
47931
62183
60854
30288
62575
36911
70348
39712
20014
63522
81172
82151
44744
34381
48599
14380
22683
25190
18845
38690
52755
67750
25281
56560
30159
47703
17402
44705
39140
35251
-8914
37654
70683
59529
38259
64442
70760
19993
56462
85385
91838
53492
15049
69746
38556
87344
55474
36461
16972
-27012
16511
42396
81956
45124
36710
46002
48217
79772
104808
80992
51019
47305
72497
71432
33135
66287
48248
45844
35072
10524
27135
60835
40018
58644
26001
83483
63517
53564
49632
39500
16902
54011
50008
41264
54115
22968
39404
64627
81787
39387
66707
66957
19833
69686
 9012
 3398
45199
68436
21417
 8110
19693
46039
28593
56208
41268
13069
40396
84225
60453
29136
54118
31770
54947
35705
64985
69729
46047
 8993
60987
16539
40735
59682
59452
49301
63690
34393
82532
15462
34461
46258
36116
77777
49799
27961
49658
72391
30347
32955
18034
86976
 7131
65728
41878
38533
29821
34406
 2493
26296
89125
45405
63548
53071
79831
43494
78439
-3127
63503
34919
42260
25118
88265
19993
11142
-1282
47783
51453
78609
26118
58846
31998
68907
88645
73182
59599
72997
41719
33267
48998
34210
45742
46442
21227
57586
45473
57793
39444
31221
78392
53050
16541
49476
37044
61483
77595
63780
57469
 7049
31210
28750
31657
41716
39363
64754
56366
40279
49102
71014
49824
50984
56738
58780
64354
35435
28586
25046
42141
88436
34451
100843
44552
38839
77426
56749
22500
 2372
57668
27329
15786
74011
45375
60038
 8511
64566
69424
72374
65023
-11354
23016
-25190
43821
66756
81802
48576
40759
11288
19501
18130
10802
26059
21139
57091
92641
72167
51652
71100
48152
55642
58612
-1477
44447
80311
28802
83027
70676
56067
31005
58773
58848
66702
45636
12040
33827
13694
94997
26557
75498
38372
49317
  877
52610
22904
39908
16638
46290
72787
45544
61407
43663
27275
27652
 1337
55271
61126
54301
-15934
46010
49482
 9611
69697
78774
59583
23255
37270
 6866
55763
58608
22537
62163
33030
53586
53389
60822
64055
23799
72288
80201
21206
 2355
58466
88235
95907
43040
17291
51111
35210
21586
49942
25098
39956
24367
10159
78513
31491
30428
 4160
66125
85027
86395
46702
28130
38013
47412
48547
67036
36179
55453
46584
49128
-8023
26021
69190
33582
29100
49736
63679
53935
 2173
47059
38075
85377
74748
35174
33679
42128
29197
21882
30113
59007
83875
52115
96887
61366
61062
23796
 8781
 3103
37238
25901
63964
34676
58330
37171
27998
38165
32601
38246
 3295
68238
40160
59378
35651
80954
33671
-7010
36852
62499
34217
35145
58463
39617
83062
55901
93414
22446
71165
35709
59757
25194
35670
63412
58170
40655
52998
57970
62124
15195
42716
50565
82724
10309
49296
60935
55172
42621
62124
46112
48530
34196
15397
80795
42944
47086
36282
16028
19714
28819
53252
57181
20175
60338
64203
38740
-6387
62712
31110
67015
27473
39291
46916
79264
39101
50048
37252
68723
46435
55628
47377
50712
49486
17616
21926
23500
51877
59596
54309
29967
39905
59358
71020
76699
93422
20303
12882
 2596
34370
71494
42327
-17088
61196
30849
21405
29860
44145
13497
47176
61354
68172
39090
53875
60914
49257
24550
61158
76601
52584
55958
27690
49733
67097
34760
48164
-15752
12948
28803
21396
41661
60666
37770
12879
47143
64129
30786
38376
59617
57446
79853
117918
51437
 6013
31805
64820
64146
63408
24707
35948
45929
60239
69018
49370
61155
38697
23673
23888
-21410
55229
26830
54059
67339
54616
70388
37777
50356
67268
87140
34870
65929
43900
21465
55916
48701
57588
 4477
70811
51391
37361
 1059
15525
31619
73511
45864
36181
51065
38020
15765
27538
 6908
56208
35868
47918
30179
21068
48798
37001
73859
34868
16219
37745
46512
82601
85318
42070
47071
46721
68009
93270
68940
29228
29847
61318
38998
72544
38238
26108
48770
75210
66683
30213
62396
50497
61614
38711
30166
14007
51385
66015
49310
70282
42164
23043
43683
66868
108209
48549
39384
  567
53058
 7027
16473
60103
51711
77531
27730
31506
45224
24758
72893
13971
32192
 6431
 9010
42886
57476
32324
 1226
31406
38059
31324
13918
10384
32213
27501
53303
54310
44776
53172
27604
50047
38608
38531
27683
54412
33166
28905
60788
48056
32525
36994
45585
39580
63659
-6159
-2420
12295
43820
31416
10892
60424
43341
58736
50338
89010
51237
42254
52019
76488
34570
33838
63331
73850
58494
20672
39477
22948
41085
54475
51585
82797
68965
74962
69990
43706
64019
19490
84707
24297
29096
53274
96344
71363
39016
39231
41875
 4398
36124
26657
42724
72114
43467
41137
85502
30769
46612
56351
50880
15258
46562
21736
21278
28990
65270
 5034
21464
44640
14464
49599
14750
44085
21527
48574
34499
21676
59546
 4861
36795
 9634
31624
64564
85486
97577
79444
56635
67329
72158
43304
35687
80310
39970
81657
74190
 8260
49084
34343
69118
15681
67132
35968
34133
40108
46906
63510
49794
76839
61643
68313
46269
57183
49544
15215
43049
74183
 8365
40829
33110
15385
56007
118861
61787
24199
34433
47749
27673
13090
35818
45516
102021
41561
-1900
38763
23552
54399
88652
62454
50515
59965
29666
43982
21227
34330
62626
66186
56136
39006
60561
47936
22050
38864
55779
23895
15030
25320
59065
87834
51359
66392
64569
60504
28827
62148
67391
20467
18759
26275
41953
26774
22691
63034
17682
54197
37590
14163
41285
59188
60614
43870
88647
 7224
44595
32403
39221
63532
38887
19360
65967
102935
35424
29341
42785
48221
42609
46651
66876
33397
26005
21785
78129
18172
72772
48282
61991
24313
39279
 7195
62968
25942
33157
37153
43175
49929
73814
57810
36082
21334
54959
51843
30044
37114
56390
49405
44486
18046
41335
32499
51088
42673
45569
-9219
42645
20230
38576
62348
70372
55455
34447
71450
65477
24179
70245
36401
38800
32609
103385
70954
31303
59404
63147
46780
70045
13045
19243
45339
52279
71536
44628
17226
53823
52483
41140
26034
40918
86509
53627
39679
65193
68756
70054
53416
50295
40367
30306
26620
34491
52926
46004
11793
 3624
35407
43795
24795
64689
40777
52840
45089
92577
87086
58080
62679
46563
30955
30495
101004
32872
29932
71124
27285
55628
31294
38532
61430
79920
56722
34921
39841
53623
57486
75385
45445
21243
14521
50237
16441
29623
28674
31675
31070
67087
53251
38716
26921
 -751
74965
37835
82325
28077
71593
18330
43777
46935
106066
33375
72310
80349
62511
51488
66079
54148
31963
33632
67665
31445
31906
18290
15355
37975
34850
65958
53332
79273
68863
100573
34226
56998
32624
 8478
29960
50895
55964
32731
27668
39178
55114
52308
45005
46235
84415
43414
66630
22058
73827
62546
26598
19332
28561
46249
11657
21099
34583
44719
28023
28947
32758
60673
46026
30095
44450
47437
60732
70428
39580
32825
46528
76403
49234
44406
63634
48261
39443
 9742
30101
48840
56504
24487
48603
33190
64503
12006
75126
26095
71392
18201
54486
63726
32225
43060
34870
91241
50247
38708
57656
54552
34490
13018
-18247
39736
50323
49813
39992
40558
44359
34011
33811
45968
47152
25994
55182
65474
38128
30202
28507
37519
50110
29003
36104
29585
 6139
75422
36188
39714
52983
81249
47645
77584
30537
48343
35010
57951
18633
62083
40909
42518
12406
37673
54310
89161
33706
64120
38215
25131
-1980
63345
40558
68154
23947
65150
54422
34145
48539
64021
24644
35137
48067
32515
57655
20152
 2850
-19276
22232
30171
-3870
55796
49222
39611
 7059
96089
86247
47179
43355
47496
19215
51920
36376
 3523
63898
28794
18295
57881
47930
36325
32527
40131
53087
58543
74356
73044
15321
48476
29354
14296
58246
64833
60507
49773
88832
34657
52710
 9342
26874
54970
46955
42490
38987
44959
31067
46328
11595
69503
48892
30026
53270
42530
72395
22002
27017
82774
56173
64605
65460
69036
54640
61753
52011
76583
30524
18303
41248
74308
39781
32811
19376
39404
59749
35543
92925
64825
31943
53400
64568
35770
42770
51871
56559
17007
37501
30911
53257
16401
35613
21062
39936
27577
62075
53598
59119
71253
70514
36257
59691
42450
52630
 2497
57619
44404
31682
31991
39369
26000
43827
21521
52863
73623
12955
80816
18254
44255
84324
24328
33099
51724
52540
-1609
43741
49942
39248
52086
73137
35490
55892
17112
65300
60680
-13750
75107
27464
65380
51546
66139
33785
75853
54766
85023
42176
51621
75604
29463
60545
52462
45952
50274
58959
78220
78018
32288
59457
82472
69991
48686
  651
36872
41941
37538
20391
62338
96563
52016
49609
50793
42392
10835
32837
52276
58772
73689
30762
51797
32642
42424
 3398
48123
31118
 5521
10973
39986
36779
52689
19218
45149
66712
41707
69998
43489
77332
55661
44422
51701
52095
21021
19005
59606
45837
25044
62667
51692
63226
39386
19032
34561
24948
50053
74447
39439
13225
63148
56614
65897
52264
73438
65174
71398
40582
52081
18192
71513
52146
86831
40889
57520
21972
35657
16756
34500
40510
88959
28938
59570
22600
52981
66439
32837
87293
63002
26257
64524
96054
71445
50070
32773
14130
-6423
62031
55301
46223
42577
 5053
53548
21939
 -382
52534
53181
68758
23235
35885
  325
47042
47024
75742
32954
14980
70157
78895
59239
49204
48659
53556
54376
23823
43683
11727
21405
41384
51170
67960
38810
56782
36352
47957
12953
36581
56755
15737
 2366
46865
37459
59172
33116
33294
27611
62751
65746
59670
75727
40053
75439
72513
64920
55851
49029
23527
55022
42387
12723
16200
16571
53589
95975
54569
39462
26728
16843
68966
98010
73623
16251
48581
 8081
56209
16029
36902
80353
44793
55807
51424
34771
51498
45146
19020
41367
69299
32150
 9077
42677
37086
48178
71685
41003
69425
 7106
83133
25002
46938
15413
72051
53047
46631
24694
27693
45445
42764
46112
85640
37091
11929
23294
19679
56057
44104
14071
48571
32166
88505
90341
32923
25341
-16732
36667
28541
62358
60196
66889
71995
60944
51151
52557
36455
49020
 7972
17895
36801
46373
 2398
44124
59297
47453
76380
40131
22006
26574
 7758
53192
49129
67078
36306
66705
34746
25538
16331
23365
30380
28984
67255
38955
30365
56017
46192
36101
83692
37289
43976
35950
45354
23623
38449
46500
30764
33401
35321
30496
76325
64349
69274
46138
63168
23668
19107
48530
56699
69367
35188
-6968
29413
24508
68847
55217
25667
66495
39556
66561
33836
35986
34675
44672
32753
24022
12860
30190
44910
58608
87259
33517
72531
18656
59638
56865
38108
-2091
20394
34521
57240
55835
45357
88669
38881
96657
60988
29330
 6203
83105
72588
43808
45496
33552
49859
29424
68986
111902
60506
57188
45735
29049
51027
31306
47430
43968
33911
48792
75053
66742
68780
45625
45840
18846
48422
51268
44182
68448
57870
76492
78839
72462
50675
17803
29463
43092
53265
-15283
21190
28019
61800
61710
-16881
35321
69179
60397
23430
61526
58490
29957
47609
54156
38635
78219
76818
41966
74075
51293
15094
18350
12835
-4759
30483
55541
78445
44883
12536
35232
54353
53675
27932
23220
 3714
71011
 8593
41585
47919
53083
39018
57536
 9906
57011
-11411
48583
96732
59575
20873
10034
-1434
56512
56838
52879
61181
44683
39467
51262
27795
24363
18391
40843
44098
46012
28026
33224
46648
40573
62414
51956
10933
51577
20265
31199
26972
27045
18727
43237
75163
61122
47299
29790
33445
26325
19129
 6861
42446
32798
55052
40673
56077
19313
-4573
29909
57936
33719
72159
33400
75268
33263
-4954
28042
47752
16146
59199
53001
31447
72764
48987
68837
48222
28831
 4547
54483
48197
70287
66033
58927
80746
-6319
67928
72404
96482
88144
41018
33994
63303
60021
65480
11102
63045
60913
70898
54679
 8202
42781
16887
61938
28278
21845
55026
-4596
66566
39153
39319
33364
71483
38124
53314
-5381
39986
42021
44881
-1764
42848
49133
78521
37780
36996
58499
63426
52513
23395
-4223
70604
60590
44861
44117
59495
18729
30634
26840
47441
70933
59408
24472
81001
42826
53379
70701
30470
54800
27228
18565
34068
 8632
26883
60973
58355
74105
39987
26316
23097
52783
31142
48261
90874
34848
18201
33189
26784
17226
32887
43370
50137
74747
32051
38432
40287
32572
69763
45890
 2172
 4744
53980
64180
33871
46205
32820
56892
12948
49521
52344
103552
47955
27148
68796
32309
33918
59058
40992
52144
49049
66186
61312
61206
38864
49673
22326
47575
56523
26185
58428
55791
 -843
29100
42428
72461
47411
37180
38022
34493
52819
81347
31426
51117
-11935
45486
65156
21233
11734
52662
72462
41271
37541
41968
11499
72074
55333
16723
44908
54990
30353
62102
24704
23766
62618
33752
89473
65500
56748
70725
31171
55130
51177
47512
70304
27540
31992
45762
96380
91179
42694
76502
47046
47299
18457
31085
68346
38012
45528
37948
  -61
48950
54693
51082
16954
37793
25405
33112
20092
25798
16446
19222
86313
42227
39089
17281
52578
11047
36652
56408
57245
62978
30690
30005
54134
27232
-12587
50064
63948
48946
65959
31926
25673
87509
47490
-1332
33731
 2605
48858
54138
41904
41040
44722
13269
70838
44382
90043
15623
37361
13750
69322
20153
25643
19517
20460
64872
68495
61774
60112
12116
40551
36239
62555
59051
32536
59574
74089
29388
82390
63141
61463
22528
36565
36381
55375
54457
65610
57943
79164
41212
49356
40248
33005
48519
42507
54003
18849
36828
52781
17189
52339
52590
55551
58288
44175
18090
63137
16848
64085
16010
42832
47733
38938
13863
13006
32163
35419
65011
44348
32247
10416
50186
32747
36947
56907
49767
39149
34571
62443
48366
58240
61282
13238
46595
30371
 6187
44361
68156
90940
43324
28832
69189
23866
-10805
32715
 2226
-2837
51330
76856
58451
57516
31921
31978
25258
31365
20906
50641
30020
29457
32690
20111
10242
54482
53730
 8140
67942
49410
49926
75166
73992
41142
35701
40195
42427
32709
63649
61772
50609
16649
32386
45530
72069
19803
73888
51801
55817
29627
44871
 8034
15827
21212
 7604
55332
84226
23728
65539
30856
21607
41278
39633
68548
38175
36931
39650
51271
50914
13103
48410
57290
77696
55491
10513
29454
47253
49931
62454
18013
48812
64175
46786
 6431
30307
88111
38680
42154
28618
29189
49513
33868
60896
42248
43031
36632
49712
52490
64158
60854
65742
58494
14097
20434
 9825
39736
25143
80900
20887
114459
67441
23811
17282
33167
58373
75891
78470
89037
67637
49462
19799
88962
20320
55414
37623
35890
25108
-8067
31536
102725
42146
22598
75744
25305
36079
49703
42829
45778
82093
48775
16289
31637
43232
21750
41792
 3471
45059
26450
-11738
41243
59141
20504
25576
41290
28533
13638
62682
 5992
22960
44070
70347
37238
56316
-6970
29171
89171
46934
50322
22070
38532
14253
62126
35779
44919
36954
50468
51840
13093
29301
18778
39621
86437
50263
83627
85499
69645
59625
54820
37607
23168
19065
41721
84874
40859
51023
54128
62001
42819
38413
49819
68981
64135
33728
35402
-10755
55357
97432
63883
 9298
17331
58210
30415
39018
20577
19854
-1330
26489
47512
43603
68812
10338
29139
50857
79404
32365
47045
75318
30341
77469
87241
61905
38288
59755
27754
57003
30266
40844
40511
39658
32686
18151
40483
53021
48683
35084
66805
67434
32461
26450
47770
-1768
39127
 8818
73036
73388
66560
49493
63246
27876
52056
38876
 9970
24602
76689
60901
49450
35057
55581
76941
62887
41741
46032
52633
27828
44335
42934
46267
68882
44899
31382
44629
51616
30661
59616
28860
54090
53518
88543
16135
17194
35929
68606
81117
39504
52373
60653
88391
65564
51339
60643
78828
82407
33512
 9676
39799
27188
  256
17775
64871
46544
72317
77511
50926
57758
45262
29717
54441
41560
 8278
10419
44535
58045
20814
21770
52310
70758
87875
50020
24504
30420
33298
26378
46096
25143
57105
53326
54575
67504
64340
58080
40201
38139
47844
47262
89594
38376
48014
48848
22655
20995
47371
54943
22380
54163
34327
39452
25945
61462
26654
46763
29843
46824
51595
73353
 7409
19619
32611
72520
56443
42511
56262
92782
71184
60806
44571
47384
49077
48769
42177
78137
31086
45626
64960
53849
46887
 5366
20327
27287
26464
35329
44783
47592
29413
52705
87857
73396
48719
64982
30236
62754
23138
43777
65555
49773
38699
 6628
45371
27978
61949
71406
27295
-14526
38044
49850
14835
26175
18110
89206
37754
19143
  243
57317
58990
59378
47211
62129
65569
56585
54544
63626
71064
31087
-7239
51556
24254
23000
56079
51066
26285
69627
 4101
85932
48775
11593
26590
57916
66019
41296
30628
33028
40714
42842
14408
65380
36661
52919
25789
-28821
18011
66032
45464
25887
32143
43880
83230
56282
77712
66590
38006
43043
25411
59215
98862
32584
36721
44617
72285
59558
66409
34272
21385
73573
56992
23806
77046
46760
82620
61936
65386
20792
-8611
-22958
11354
17516
 1805
42203
44086
62647
25830
65749
13018
21961
40046
62918
27539
52811
40101
74994
94174
73856
51875
71457
66004
43243
10645
-16344
53835
-8288
 4263
 7932
32720
37324
56692
77937
86283
25448
73915
63152
103020
67114
49640
25874
26279
82348
89963
51145
45847
54304
55242
50015
12800
-3622
34450
65996
47085
36374
45336
24137
87155
66639
49662
28496
64899
46748
80638
50641
69851
29812
24568
30857
 7463
36824
52898
81672
79981
69601
56897
42976
45801
55157
71594
21769
26895
  392
27632
26354
16167
49582
26449
73481
63287
50616
33297
16599
51518
17396
-13636
-1579
14888
33834
32609
51955
40425
56972
33213
-14737
44404
34574
23743
31753
19486
15140
47843
51317
 9302
18021
87948
61821
72581
72616
24873
38910
29471
59038
45083
41290
44740
44235
44639
38769
53342
22900
35364
54408
88662
61360
62834
24841
58327
47430
67383
31025
53588
55149
35300
33481
61591
39740
87909
60340
31325
78885
48129
37401
 9571
39877
29821
32988
33832
40494
 8142
45256
34768
74482
38754
76270
13758
43431
54036
84427
32646
61120
76571
70329
88805
40941
63906
30864
10316
26872
59481
22545
-16081
69411
47873
55110
37924
24801
65682
49844
33358
80544
56760
87599
71557
66843
68598
46131
60014
66484
18939
46750
12436
65979
101359
90751
45517
52641
74662
44294
45949
31677
39023
42883
73810
42813
46599
62489
53985
48774
43077
50637
60838
49526
10583
40198
56689
29227
49383
61099
51194
56694
23938
59093
75409
20921
36241
40554
74764
65584
27533
48971
32012
72665
74944
25289
33396
51877
74390
56017
22396
40589
68494
59798
57462
39535
18570
42976
17652
60031
43499
73230
96538
48854
25741
54217
43150
70314
83022
43158
89810
53355
-5462
37582
55512
24064
53878
55026
36074
40537
36964
53633
84926
40257
31941
33950
81445
65944
46736
33898
73542
55371
27153
46664
11497
47958
58538
40190
38087
60518
53597
60354
55449
58219
23181
77473
35080
  987
56724
43447
29870
49599
62497
44218
71765
62036
41803
56107
69932
21532
 3462
72201
35685
63610
39554
47025
30000
-11854
27598
28355
57244
34504
61242
39474
57945
53587
21357
60573
   77
28222
16394
41511
53348
78014
41513
20451
43553
91754
29127
45519
40323
70668
52729
60357
70042
-8703
-8129
25891
60572
84072
50069
53688
24873
20889
51736
41469
14509
13998
65415
60375
52915
53863
45633
69742
79579
43122
18297
27658
17534
25172
30253
55842
93504
80132
22491
-10542
40993
53493
15669
27124
11065
18804
76825
81014
34445
38670
25800
32488
54531
68028
36180
42711
44534
23857
40270
35261
41399
76859
57193
21592
26776
27280
29611
25130
16162
50426
43615
54039
42869
 7872
90047
46777
22923
41930
75065
42585
39687
47577
62497
49712
72576
14118
46450
58189
38450
33063
44737
-1175
52839
30156
25874
52465
88692
89598
43095
51372
70408
66083
46160
58394
51600
69734
54019
57290
11510
34698
77327
66985
32472
21061
41400
20737
62836
29211
43957
50818
27939
21340
76290
75912
37010
52265
24543
 8995
68275
57195
54094
37400
72738
51579
26463
23125
38681
48629
35691
51571
63331
95470
40537
58114
45592
72835
17572
60145
62809
62113
81948
22136
24113
33502
61831
36081
70688
40336
53600
39849
26233
80935
42494
37835
25421
45717
42400
26662
56540
 5777
-5752
17426
58885
50272
41152
41867
65353
48655
14213
29937
37407
76421
 6480
73882
17558
38226
49537
38462
53258
83249
63928
58522
11151
46115
50290
34715
12222
55622
 6722
71352
30767
53682
84816
65478
75967
37038
60428
16460
25031
44321
19665
66756
53820
17606
11935
14795
34772
82932
40470
 3341
 1547
55916
34918
48843
79276
71732
49561
35105
27094
45586
58512
58383
69734
31553
33625
48112
67571
46198
65792
49432
62377
49271
70828
67464
58119
28895
 3019
39045
56359
88672
52971
43160
36292
61206
48275
63842
77804
47096
38637
20297
58531
 5329
-7894
15557
33810
42323
47594
55387
37610
50313
73360
47811
53087
11324
19863
59010
48777
89851
28603
42915
42252
36069
34588
28649
50229
42986
74657
47635
79921
81507
59953
  891
60959
49257
34520
65990
49873
20356
14589
52472
64590
73558
68867
33175
43419
77586
67971
44158
91561
10143
52327
26940
12345
32225
61333
47900
43335
35850
57443
44964
57303
49799
48170
-2152
35639
-17886
40458
53077
25235
54131
98436
102308
50613
71317
71199
54046
66821
46858
43793
-10307
49829
36696
58234
34427
26739
 9904
22505
15994
-5024
64985
38817
33776
35720
52229
59171
49957
74854
38760
34447
51259
36068
29387
29433
55812
63895
12972
13293
23890
42146
64187
61929
80318
28429
29753
14343
44182
29563
20149
57019
 7064
68333
49747
80729
58957
93603
70057
44319
22490
49356
45197
21753
31107
 1938
75728
61527
39265
51853
54868
15025
27792
37892
30055
65421
43205
78850
42315
57592
43674
56808
20778
31020
33888
-11618
 5831
64275
80396
36928
53553
19529
28335
36893
68279
54996
17602
39450
35290
55494
46417
15572
12910
12302
55346
51095
118496
65047
76142
46922
59114
40736
34665
20412
50079
29715
37558
25461
44945
86085
52358
43365
57774
18773
60732
 3471
 8528
77572
55501
60734
 7317
22163
59200
30738
102304
36039
63780
22980
57990
37530
20010
45887
46873
69114
96032
67355
77355
34697
10078
 7185
61472
65111
58127
32898
36959
 5954
48699
61075
87525
30973
 6916
67081
16966
66956
56246
16947
19445
21607
51546
82790
85530
13301
36687
79968
55703
46363
30042
20785
56700
44295
30657
62908
24676
24794
27970
56511
60715
30085
29931
47273
31855
61720
60688
52872
21258
106734
41639
83641
21527
35370
23703
23377
82633
61911
51078
54887
26132
72909
35673
43828
36608
66734
34560
14022
17624
33711
41019
55452
55103
22579
32069
57415
41403
35955
28610
72512
77619
28271
10533
34030
27372
19564
15273
56882
10603
55757
55919
29368
44209
48624
 7105
48644
20813
57319
30558
31029
39208
46474
45367
82362
27255
37359
43023
54268
46626
40248
57893
32386
38666
69594
30639
101745
 9185
23857
35517
39246
46580
12129
35351
23644
43352
51078
57172
53376
33189
63383
52121
40476
33601
 3391
21877
47521
64378
23312
53554
31159
58625
24706
43658
41711
29526
47968
23829
-2829
39594
55266
82476
25688
16886
51037
58440
32813
17705
68766
33529
71666
26515
41606
34951
35036
55949
52402
31744
10174
67371
50218
31625
41825
-3822
39537
77596
64461
51906
38412
61116
37433
17679
50360
39912
63835
44966
54604
67190
78845
25869
68149
78511
50917
  451
43674
29735
31755
68599
87899
35758
32585
70356
89189
59598
38038
49866
 4289
65870
49959
47055
41363
30317
 9882
42959
70101
67298
44097
52046
 8792
49571
10798
 4984
55583
60591
46183
61414
69887
64215
21958
76543
42661
47792
80614
-1318
55966
 6000
47082
60585
19488
30456
44300
83221
85108
34972
11106
48178
44453
31364
19887
60594
23587
58648
63202
45435
30238
18621
 1476
55490
65503
45383
57204
87313
75037
49857
54246
36946
81640
25628
59518
32868
42537
68888
79029
32836
20171
16659
54655
56961
20789
22391
55949
52033
36395
 9727
55655
37396
28155
49053
55338
33919
81147
37841
42132
20540
69813
66395
44618
10885
 8338
27808
39542
34118
35856
38848
58100
42900
52067
67382
33369
50253
70032
18149
75707
  757
29551
65516
61029
61590
35583
47378
62536
90477
80430
94572
43191
21608
47236
37911
75959
57421
53276
44281
48704
39199
27501
 4381
54424
26747
41793
40918
49334
41193
33670
39375
46196
46856
79036
46518
45468
33055
23226
27939
62262
56780
66950
28530
70822
67557
59311
96942
44757
65023
54929
42733
41543
-14925
44891
80211
46598
17223
44447
74609
42298
47504
56231
44711
50622
11720
76819
33767
54593
23680
46444
56457
31873
63327
40498
46051
41799
75891
27827
60944
37059
59430
28981
37615
25249
43386
68564
52705
 1450
12092
36804
14114
32668
39748
52160
55796
55509
46558
69042
52576
91354
41451
28865
59972
17356
18235
35231
69740
45608
31597
61149
12823
56373
55052
55039
70543
77470
40770
12798
87144
33191
70054
23595
66215
45878
82140
-1332
50245
44169
 5619
45626
74338
80098
51535
46039
44245
64982
70349
68468
65567
33692
67224
24799
59093
40925
38202
65276
37653
43719
43198
12789
20412
20424
46143
39904
34604
36856
25100
 5252
49557
25715
56956
46459
53634
27261
67018
31768
53781
50611
59280
81683
36273
73522
26397
54222
60381
56648
46657
39379
13174
55343
57842
73723
63411
34609
63906
20307
59475
51934
16884
68098
73858
34103
65753
-11130
21711
-24037
63859
75691
36041
-8233
17124
24504
29766
70737
77139
92746
70673
43364
20583
32267
60347
76406
43275
50423
29745
33891
73667
54537
23877
60045
23730
35079
28469
38005
49433
27247
53348
81371
10736
54169
38500
50287
 8284
45196
56972
43625
79796
 9942
 6927
32815
49353
27471
41274
59041
48827
65251
28997
69797
  -61
81562
31530
84816
63549
11074
31318
56867
74287
51051
40449
10075
23727
60008
44306
42916
 7660
50839
77898
66983
34368
28615
39235
54416
46577
68621
14352
54506
46987
62385
63959
 5915
64049
54303
45183
43119
25617
52722
48353
58463
76308
33788
18386
35304
22689
52030
50366
48726
59214
-2412
87953
56878
56416
63540
20925
45818
28302
23331
78960
77335
33333
31351
77557
65631
46798
59873
45068
80747
79689
45785
17982
40439
-22245
34624
68498
83047
79084
31898
50817
49685
53090
34462
78543
48580
28180
33199
17535
25623
20012
38432
47020
27196
60107
79028
29293
18763
55459
57898
58034
38275
46786
29310
46546
45497
80375
56947
77848
51271
79421
51371
47862
26855
20313
34664
26632
33500
44193
40752
31793
55435
16304
14452
65755
49687
71320
22154
44827
19523
62847
58337
25843
35261
39825
40740
56007
43652
39146
31220
48029
76694
80202
41773
10125
50313
37099
45326
45543
61986
37848
14720
43714
50081
45451
30058
54894
46794
37711
47531
55515
69680
48251
31234
41390
 1373
70483
47802
24897
-23129
45851
55984
40062
51997
31134
47002
 3332
74999
47282
49861
48153
-4662
21806
43646
16859
35990
44252
37495
46723
33170
49167
45542
32688
52881
48410
96170
70864
44663
46447
21637
18663
-2249
12826
30049
24799
51665
13217
45834
 2813
50578
87733
61703
58701
62746
32120
50881
60808
47532
42348
66029
85214
18287
43612
52686
57853
65516
21714
22149
34453
40701
58395
58716
51377
64751
11048
48284
81064
68534
49967
35608
14689
23602
53614
76122
67624
61448
98081
48089
47277
29799
19540
41693
66534
46009
34536
29205
31131
61257
67110
40858
30310
56720
59035
62799
38083
20044
36381
31985
89434
32442
 5230
46279
72270
81305
73552
24668
41964
31693
72962
38970
46277
37859
42778
36622
34213
-7912
39632
42918
77115
64905
16862
85249
62557
36743
19833
47917
62326
59751
72077
35373
42692
40156
59647
11450
88858
95645
21128
45340
25612
53165
 5677
21251
69132
84652
68564
59176
23995
58905
65587
50136
61057
49634
51342
32968
67776
37881
61704
64039
39680
53086
56004
 2083
 9098
11097
79252
46732
93254
72745
30204
24616
36358
15491
16325
31585
69861
63578
11853
47838
20150
15203
71925
62418
78000
 -185
38588
-6647
61241
90225
82297
49223
42991
50432
72215
59406
35343
 6780
 9033
 5347
19585
46618
28197
67058
26013
79949
60759
31631
38344
42905
49445
18609
11969
 5140
24434
31825
33722
10426
45346
61797
28380
56908
43753
33416
 8929
95939
51292
56334
18939
56434
46629
33106
11666
53249
45396
69310
27725
19831
40864
31226
66527
36165
11638
34176
19680
104601
71450
65995
69042
22794
28615
28563
72176
41566
26971
49169
40510
46206
43229
17011
 7417
45008
36171
20325
22951
80910
25974
14489
35051
24403
30324
 7224
19762
37423
58367
69178
76059
50520
36169
67786
42563
32032
15027
47590
12639
15089
39230
82049
17757
30008
44201
38874
 6325
 8751
27757
31265
44513
58511
49400
27665
55347
50633
72568
17634
85449
40860
42692
49733
56371
82725
36727
50295
 8642
50096
11565
40310
92047
56305
58345
49720
81058
49015
69235
49698
35814
29224
43541
42799
58489
-1431
75452
29298
37231
54798
26561
26789
46183
42112
50789
56880
44744
50301
47205
40864
27558
10145
38896
48294
40075
18978
39989
47674
53972
52296
77033
59168
54425
18985
47992
43827
31846
41423
34509
80911
50612
94303
47328
54492
 4324
 2731
65442
50193
64495
87851
38211
23169
46829
68415
42088
11131
82218
95763
74188
70966
56481
17841
63210
37664
-20451
59473
54122
43467
49261
46224
77336
36020
 1463
33462
72632
40717
28033
13419
26774
39881
25073
47643
58470
24265
36328
18110
 7399
45322
41431
53957
82201
16321
80797
32549
56460
44320
48041
61174
37490
-5791
31464
44454
72085
32258
28106
 6339
50436
63861
37354
-11049
30156
13030
59277
54141
46297
15615
35363
43661
89089
24441
48928
80845
40850
92137
50238
28952
20867
28838
16740
69000
45182
48326
16900
42787
84233
49865
36904
24473
32927
39107
38503
55525
81624
64168
66568
101854
46218
74369
43422
21617
26293
39657
19366
48888
39013
48717
56611
38468
61167
41943
33656
21577
47716
-4334
45573
21473
60703
58498
55245
29590
51073
62662
-4499
59102
100647
35823
59750
31724
73668
38770
36111
50411
18298
36595
48551
23465
16382
21627
46951
48929
39191
32559
50399
48578
24891
33804
19406
 7771
63861
81904
47529
47425
 4963
48944
80300
43249
83913
73957
17286
48445
44988
63851
31224
20976
35620
27296
33349
46707
53674
109636
23785
16258
79086
47696
44948
29073
32342
32053
75538
29544
51083
30002
94707
91561
 1429
19005
 6653
53373
15914
54398
27251
57753
49364
21544
57075
41960
45708
 9383
66752
12006
51698
80250
72565
64964
63202
18902
41271
21582
33940
53079
56213
61550
40644
 7551
33818
22194
44079
58924
63049
16323
51614
30513
55759
52530
-3466
52217
21167
36478
 6934
12183
60673
95897
61151
92377
45316
42944
43402
37203
35862
41841
11020
38830
63690
52395
54364
76023
59046
51514
44606
76700
60166
67042
25067
57696
56757
94663
54386
19823
51051
83786
91567
54210
40135
 8059
12378
36245
 2687
-6538
47562
 6142
39452
18564
38415
37294
21128
11161
50530
22365
55440
43206
 1878
54666
17070
19068
42654
65998
26960
43896
53251
60688
36351
43975
36998
54339
92315
33543
34361
10903
69031
58331
62795
20444
22279
43755
49473
16847
30958
29621
54699
35865
38705
36001
34951
84475
40344
25219
64557
-19781
53848
45481
67375
48165
56209
79166
42495
35163
64552
54268
16351
20730
 5493
54697
79712
64871
26837
50530
47312
48088
29132
62280
11299
32733
47123
30235
39667
14651
33425
33503
53785
68143
86637
47245
50944
-1728
12417
41457
50495
22653
47739
55209
51067
61540
45700
73498
71918
36506
21879
32706
38698
66245
36741
43114
45573
33888
13358
16058
25591
17498
35043
43971
44368
78432
13379
 7316
-8341
47370
26775
85104
24376
53714
78637
74067
62642
21509
 5512
31753
-18721
30619
46608
21100
34562
51807
49564
61132
13576
26812
39451
24126
24793
62914
18642
-1708
26314
33299
60471
22433
44243
18127
17759
49301
44905
68961
42791
42604
57727
78617
45922
41755
79186
15528
66057
77097
67386
29796
34542
81506
-8545
26226
23192
42917
76164
56909
30210
11364
46015
23124
36281
65359
88807
15083
51266
74277
66222
83530
50171
 -453
38579
16526
30426
60543
19695
24171
39946
83003
66992
45862
18609
57442
20264
77282
48304
61982
18808
30540
36053
59424
68955
31149
16947
28766
55468
-1606
22614
47442
30885
25374
53485
-2799
19854
40350
61701
60229
59674
38288
42745
50920
65887
57856
53624
63372
35471
52949
56085
80476
42912
10990
58781
70320
47456
40489
73502
13686
45359
-2971
-10915
17167
47184
39006
30626
70313
67364
21793
35474
31671
19202
19393
46318
54387
61453
46863
63094
80831
58445
51329
36883
14466
36730
78631
36119
33281
29374
98485
42825
54457
31489
18575
84256
22586
28920
38731
41804
45300
68999
68039
18692
21312
93085
41480
24931
61893
110882
34537
46129
38937
48705
82410
83584
29770
85145
30662
 9194
24539
62875
56566
65011
51846
39738
61426
49511
81637
36619
34439
22654
17173
82702
26230
23953
17799
77093
101363
54858
38722
49693
-2893
63887
30458
42418
27053
57622
15877
32066
56281
75207
52515
71537
37554
13575
49797
31309
22251
61893
86866
51860
26744
21585
17591
67254
60237
29217
 3057
 2577
44168
36156
27033
73990
17930
 7895
36022
25025
89369
29312
93670
64501
65843
42471
44167
38151
49158
17234
47022
73920
20788
 9940
20112
37434
39932
54248
58069
68728
18857
39463
15428
64924
33074
36704
32339
 8338
38153
46057
44124
62954
76253
82582
45623
 5619
48252
62107
42214
67121
45304
  205
14628
41121
46321
42447
44253
 4587
49865
58514
41506
77361
91498
48317
45771
84920
47382
-13027
42231
32353
60189
98299
48443
60655
53199
30727
11042
41867
 8914
40092
30105
74446
37257
64646
61295
54784
44225
94393
59076
40358
32347
15410
30688
19300
18562
34098
25997
48940
33100
55557
50699
65294
16797
36143
26647
45445
 6318
46384
30242
40368
35954
30446
39649
65748
 7706
29719
33586
17945
25837
21802
 2831
60275
60132
50875
72977
80445
67224
46597
15341
37418
67226
58733
74041
34283
17582
32574
13121
72386
65204
63645
63422
36267
76747
61301
14863
33345
89253
54807
30970
61655
27143
-10579
31448
20501
51475
42448
46386
67388
67971
44175
96211
62715
13657
56027
27653
 2725
46907
52907
28860
24086
54159
36923
40245
-7111
89324
46470
59005
32843
12203
23836
50746
 4269
 6563
15306
16788
48643
50711
57109
-12978
97067
71454
53047
59984
82775
56849
45871
36493
42602
42284
92359
52381
49785
86548
30488
33673
33441
45353
16255
53888
19601
-4822
24522
34537
64565
67514
71672
79375
85741
62373
53550
46868
22403
40250
46194
71983
32154
75934
45176
45237
82891
70655
83070
58739
41346
59207
80751
26413
49161
56044
 2838
45488
44893
50980
36001
43328
39823
50146
23317
17370
24107
61631
87132
52691
58303
22673
30735
54564
54904
57522
23047
46635
 2216
45378
42116
28032
56706
28474
75673
64264
44061
28277
33040
17125
79749
64238
34667
23181
41065
 7451
55897
 6590
65300
75575
51824
27913
66316
66434
46816
58078
26320
-7415
18528
34751
34537
38356
69945
67898
30542
53284
84572
58849
61708
88062
 8057
31701
91268
47162
64117
40073
21326
52201
84506
19846
31771
59055
52358
44742
61555
63913
83381
44593
52719
41185
57502
67414
39975
83051
55052
  365
63999
27358
40623
53333
39933
36707
34049
45584
17696
 8053
62331
40723
40438
45035
26343
69635
62584
75892
65927
34946
43706
46923
68887
23446
26025
 8282
37147
22139
48549
26820
95385
68964
54047
42609
50585
51366
79484
61176
35140
30825
57388
30275
11398
14835
38041
39010
36516
23916
43758
52804
63057
54853
66855
23074
29837
39833
81223
58784
96054
43844
40486
85302
54469
66552
42249
70005
62427
45668
28089
72636
75371
72022
36114
63322
46906
54491
22050
20296
57394
55044
37048
56118
34123
49085
68959
56104
46515
62348
57428
49259
15739
40715
-11071
 6956
19986
81871
-14966
58894
92321
37364
30431
59791
 4857
31565
31300
11059
27658
25664
45288
20638
35941
74322
68832
71693
35940
55131
71876
69138
99035
39614
29996
25232
83592
45622
26255
38151
37074
38127
64830
47047
48463
44403
58747
31366
12082
61537
55156
54114
25984
24289
15093
11907
19969
33460
20704
68989
60668
23336
41226
67273
68014
56078
28105
57909
13525
40676
52898
13711
57054
 9382
25143
82288
46025
34218
42556
40887
74965
57908
51666
48178
71433
17741
64398
38809
41026
12662
29117
42431
22196
50507
44344
41314
47332
57249
 3628
50469
43169
46616
36408
11155
54298
45597
77775
27815
66639
42570
59722
56062
45830
40043
82408
67158
36199
49544
36989
63061
38599
58046
44256
30151
19200
32371
73207
89310
41475
67606
55442
24613
29563
31066
14052
29098
50191
65929
38794
67852
46706
22550
57614
39336
77143
28181
25734
29816
42475
16788
27915
51414
59564
32131
72076
51638
40972
89937
29482
68034
-13667
39775
 7048
46364
75349
44317
20429
21898
57464
47171
18678
15495
 5008
43145
55260
49264
55887
56650
40826
60087
43532
15519
 7242
28222
47467
104087
41686
22426
53585
41883
67882
30997
103564
55295
66915
12537
60866
89077
40930
41084
68467
25451
28389
46771
58566
63794
67969
55620
79663
56371
67880
44977
92606
69264
67100
23432
55890
23004
43543
42032
75989
52297
53382
44720
81680
37740
55168
43658
62097
22929
41863
11572
44378
63272
47233
67860
59379
59152
32873
59578
67093
31436
33967
51428
37946
51359
77616
34773
34363
 1045
-7826
33436
66390
54126
88218
84964
50881
75890
29035
29442
15105
66162
31659
37777
68061
74051
45909
92055
41139
78766
33765
39883
55843
62126
55601
64143
60313
45355
72273
56365
38355
35259
61224
64841
87877
68197
63759
48570
53298
73531
76484
21823
39716
85229
113719
69902
39386
37313
49541
35670
25973
80947
65096
64723
68425
67907
43449
26407
 9568
44348
74744
40507
31634
53017
63884
38801
29390
28687
51415
51302
47327
33251
44959
26767
67644
63860
38778
31103
65146
15124
41141
47398
20953
47980
92079
55052
68645
42685
51305
66657
66762
95964
51278
61097
11867
45226
53009
58148
31720
29793
-16601
24574
34197
43166
70813
81217
31981
52802
56547
76021
21405
54925
52792
58451
64815
77763
72536
23580
18026
14486
45055
43112
21472
69712
50185
35811
19525
29138
-26356
52782
25240
41665
40054
54668
31532
50151
47288
16655
21994
14336
26365
 5816
60172
36844
22929
-4235
23208
17003
13626
38354
33388
55747
18760
58866
40523
62801
30829
84834
28592
80684
39660
51062
58450
24036
22503
39989
33429
26342
30506
38193
16518
50436
61556
40633
16251
29031
21838
51856
51323
65093
31692
39284
46147
49467
49544
43359
23154
37216
55412
99520
84751
29515
32661
19001
47450
73563
54555
11643
-5622
35133
32554
35875
50434
54137
15099
46060
-11846
39053
47397
10889
44541
71657
52878
34825
54928
45246
46688
21632
45011
24231
 8978
49458
75721
69548
33082
45143
83794
20045
52407
30969
45264
-7875
36859
70630
52499
35982
46675
41929
24403
47435
43617
51168
60309
28688
 9082
48685
56489
  336
45759
42584
71306
57681
52990
36808
34325
52743
106904
91471
50326
39125
20068
50190
67719
80325
40962
24186
35275
37739
50919
73091
44306
76929
18556
-9060
47150
61514
18793
55311
46335
49224
70430
47936
51259
28383
70861
70065
58289
53395
30161
40381
34183
57491
73162
28997
51876
34700
36116
61166
49132
29302
15688
-2361
15513
35576
66516
12002
14452
41290
34948
59996
56715
14788
11266
46084
97084
34641
53682
51305
32964
13623
89602
72685
70560
42959
44686
45072
54869
75807
35482
40054
53467
27639
47470
73944
 6419
-10398
24474
46585
39009
34345
30592
51390
22284
89932
43552
54200
54580
30234
66420
29905
22201
22199
-6753
13092
32442
27335
23801
79674
47096
47284
15246
67555
104243
89374
89178
62851
27395
46547
58971
38947
12042
34360
 4481
16828
17906
67646
28381
54855
28208
23257
34332
63739
29535
66798
24178
53674
36080
50038
60566
48154
29784
67382
30618
52888
49799
48809
96674
60367
46394
53942
50475
28629
31927
74464
29022
51210
31013
33346
 5700
72923
86171
89975
63853
55771
91678
75880
47245
38598
76452
62480
23561
39975
26754
36049
83125
85127
50862
32464
24695
77338
 6473
46633
29832
71980
51744
68163
37004
56495
62012
44934
49808
44810
36115
45020
 8469
38249
12523
47229
69907
 9777
29832
 5507
58370
49732
51334
60935
31388
61006
70469
64869
28673
12069
38073
49159
49320
48778
44036
71726
17615
39637
54761
33108
62531
53411
57205
23653
25350
22239
42033
72675
23215
36348
43295
27248
  451
34177
62413
26637
49785
34317
69513
23754
52903
76308
63578
48925
47103
23131
47692
10433
34797
78160
67023
65050
52691
62733
12849
25012
30941
67360
48997
58937
74572
32229
62467
44226
56602
51838
70967
 9717
18296
38242
78977
85445
45712
53624
18000
63461
35513
28775
68254
62708
77195
41808
29442
19596
43573
67481
49289
82339
55833
38014
30567
70602
31057
28252
48008
52449
14643
77332
70687
76109
49969
 3218
27454
26351
40153
79384
89188
17067
33644
50223
59566
47716
38080
49931
59991
71543
13480
36328
62586
29365
60743
50575
52650
80588
-3216
52246
35074
58879
27379
32776
40415
17067
 8756
44166
75846
46870
18258
30738
41485
60604
41425
28799
33005
47357
55795
63582
29148
52206
55555
58173
47938
52513
61681
39072
29832
73529
43331
38987
50768
67932
29329
54895
24387
52431
37035
58923
51162
44141
58097
85203
51345
39694
22287
12381
17065
52353
65898
54922
43729
20603
40944
81837
59925
21806
 6224
50567
38468
26776
52691
17439
28404
49751
 2982
21668
39642
20348
56174
49285
37954
63372
67931
12552
79492
42225
31091
29541
52240
16452
30609
 5697
22466
44733
54432
51069
67812
50420
22278
43330
37747
55021
11678
35355
16698
16081
49957
40983
33342
72830
-7055
56518
34719
35756
-2573
54547
53115
67577
34047
59654
62915
85161
81257
41060
44345
36031
24926
24549
56378
72954
94358
54854
45735
15102
33568
 1643
38636
84429
46202
-3804
29195
85953
90672
46577
32510
20267
57577
55580
33967
46046
96555
53988
76735
25687
13313
70197
60517
53231
51594
79928
27090
58625
38555
89915
74757
53892
37876
18352
67293
41392
57619
72721
51175
43054
-7219
63053
66465
57354
52619
58514
38427
38058
37071
23393
45672
27985
23139
48991
45774
76996
75613
50869
70724
52183
57070
87528
55922
58682
43421
22530
68200
58460
   81
 2388
49316
64762
53664
26026
23542
53310
75541
59277
22746
66412
69765
89863
33415
60620
28338
21746
58788
58463
73231
20631
48247
77526
40932
37058
44934
62187
54796
71207
67054
62490
21747
 9518
35879
51089
82357
48616
49602
55284
51864
-14682
29458
35001
32063
47362
43133
62214
60279
 2474
14953
32900
36120
51976
87436
93117
72218
 7610
32741
44772
77268
54965
72412
39176
35673
63514
107367
37222
48019
89584
55452
68440
53059
70183
46168
106919
72170
58273
64551
37778
56878
28423
43019
23732
27303
38444
47014
79497
80237
58045
70481
 6964
 2047
35022
56846
53013
76960
32735
48099
57554
62956
75128
60222
40057
75423
55802
99108
72973
37697
68487
 -462
 8986
14414
53077
73016
48457
43488
40474
38627
23065
67831
61984
62817
72298
40360
35017
37989
43121
46692
27154
40278
56185
92493
29838
30292
41138
44417
46599
41263
56245
62777
74232
72640
60161
60760
75084
41916
35192
55376
18804
58625
61695
32635
-2335
47998
19884
39186
85682
22878
 6079
40766
54287
103719
45953
59374
78302
39315
39149
26149
78391
31538
39037
23972
51282
58269
69866
87119
69644
35200
68558
75334
66382
49798
39042
47188
10695
-4717
28159
 4475
18104
45920
46951
32436
53029
39966
12840
56603
55533
46965
25552
26619
44104
73991
42036
25484
72625
43141
50303
13761
48593
53859
51710
37014
23941
53024
62634
39920
36473
54130
48067
44199
81497
30205
46153
21717
31891
78279
83856
55960
45955
47213
48302
62039
16285
60299
60669
54987
48913
33138
22451
47654
51841
82687
46927
 2504
48378
50657
79916
63921
42681
89757
68539
60399
38368
20788
13872
63393
72823
35297
37090
63064
102410
47856
13991
24231
40749
55630
38348
34989
52075
48976
71457
28178
25635
-12849
45308
65327
51070
29900
88506
-1634
49643
63377
44520
38373
24008
25570
27359
61469
50134
67386
53498
65491
63741
73896
39662
66949
-7571
44471
18933
57560
32799
34435
28581
49814
58026
80315
51375
84156
47559
26940
46779
15621
34141
43805
53850
34348
37672
104671
37418
48047
46347
51461
73608
56068
38801
40403
46399
40576
25618
77526
50905
19794
39011
51084
85988
91006
43442
55254
52246
60997
23386
52286
45511
40913
29599
76705
61975
80049
40164
21855
48501
56433
45285
77575
30086
48076
76354
10087
30123
37065
45823
68347
20566
37984
35956
51816
46425
51798
49104
60303
18359
38703
 8679
24915
45274
22591
52539
69238
29841
57006
37772
58734
27224
17594
30845
87015
76646
19531
58290
 6429
39232
44182
28550
47706
52195
47889
32887
77558
17554
50674
51434
37146
10567
43768
20441
71022
45923
21791
-26471
63811
35414
70318
14680
39482
 9592
51192
57388
30267
29899
 8416
45069
24974
56048
41434
66767
59859
41687
34775
47487
47571
42802
47867
30000
17104
20270
43287
30383
36518
54215
42782
 9361
16177
52195
53706
46783
37550
15960
13890
65419
49835
72590
48988
23364
33838
63377
56782
17139
 2957
 1306
23351
18453
31134
65846
88476
56985
46776
51769
43698
 4618
40433
45046
34552
99862
50004
78429
51914
15475
39949
48734
66165
83386
55089
36153
61121
 1783
42222
32636
37265
20546
79702
54727
50528
41893
70545
39761
61507
27212
47087
48304
36890
11778
85833
85508
64788
74110
88414
47504
41949
63480
55977
39219
22845
47241
44359
21174
73109
27852
65650
51486
79140
48809
62574
85556
22314
44627
61574
23170
40509
31429
 9865
60995
76007
 7662
-1404
10696
38831
35009
57272
 9070
33540
56114
64305
40779
37268
17037
51941
39818
75292
24016
27481
50375
60840
79603
44795
71499
56154
53993
94779
41077
32567
41354
12493
28809
39214
28037
52640
44510
74804
26210
80955
31548
66199
41088
45638
27460
36821
40126
31793
56175
20449
46113
37300
76132
28600
22796
45449
-22646
17227
38329
73725
76874
68633
42316
15090
50497
45319
45183
64982
23306
64792
75947
27037
17629
36505
39509
93368
83025
41379
109253
28390
26623
63350
12097
12578
41300
44676
50874
67081
40602
44893
56523
54149
46532
59653
53107
56963
80533
24917
33282
30324
32465
50587
49299
58544
81571
35681
49907
58799
39373
33783
61636
17662
43271
21659
51021
11204
18095
41223
-11378
52481
26739
 4306
76495
64569
38756
72626
36683
29322
 8303
31176
-14129
38876
22554
50217
 4511
26251
51122
34160
80474
67103
68289
27999
17545
 7077
 4964
25771
41048
64423
67038
61371
48097
65321
64304
20512
46954
38852
61969
17873
20467
-10354
51371
32157
33544
45740
52744
10485
53958
28362
33786
25748
68382
70809
54557
68994
 8543
54807
58247
87032
43855
46414
78034
 7949
33094
24570
45540
47639
46227
57675
70452
103480
58880
58173
51360
30059
85560
51762
35059
36506
34362
11763
57076
36782
48650
60044
12804
61271
41207
71105
53993
44231
17896
66900
21839
48017
24227
76971
79460
87283
50170
30585
43244
47807
 -615
36102
65024
51669
34489
44590
50101
42636
54176
56411
63371
40505
35711
60669
24660
62301
41959
121220
78726
79581
62838
37740
78931
49693
56276
52191
62733
54362
73704
79496
42915
44608
39653
44893
10392
38265
63240
65509
46865
36895
 6875
51589
42506
72985
71548
46111
30965
59234
21804
30107
23091
16168
54989
58127
35579
58058
33313
61190
60953
48730
45649
35168
50630
70693
29830
21287
48681
68785
33076
45869
43835
25136
28632
46380
64781
48994
65136
33397
39618
42215
74906
39183
44303
55281
21393
42261
50588
14662
32403
31232
49489
35400
92511
31814
46173
33299
52582
39219
28120
23548
18125
31533
52358
46053
 9978
33527
56418
38658
47845
35153
50207
35496
35176
21247
65599
12252
64350
32989
25652
54224
40493
38406
86594
50820
59703
19747
21500
43136
44555
49152
15072
49578
69537
49105
71142
15540
79255
46499
42322
68137
71174
33784
33964
43576
74635
67076
14400
32896
40770
78458
44681
33561
19510
74662
88186
80040
85282
78887
50442
40973
36408
55508
56907
 7534
41288
17357
45769
-11597
55263
32225
54259
68227
80730
50990
31534
 3464
 8243
86835
41568
41597
14499
34519
35101
50556
19278
25887
38044
31221
48398
10012
52091
52467
42994
43790
71046
71301
76562
49329
34837
51675
28811
47021
43399
52180
11575
51930
60751
97943
74868
31541
95038
71565
-5819
24894
25371
44011
54054
83945
29069
83270
73278
69242
54941
39957
59231
53850
10514
47675
55971
 4794
23173
65840
46453
94039
70301
75763
13132
52931
30710
19689
36341
81054
45312
25126
48147
51014
63103
96098
77101
66025
71445
77086
55403
54028
81335
36357
19154
32378
49957
18653
26154
68566
48618
 7721
23939
62114
41008
44429
29382
73345
73899
47544
49300
 4861
61910
50697
55152
21977
63837
49214
18148
70279
66766
36256
46421
30515
70190
33375
57143
63022
51900
19749
51254
82322
32457
30421
50181
75768
53684
51033
42548
25460
22264
34382
29236
26933
45726
43924
 1234
-4351
55655
37578
75926
38761
21579
43121
23279
-12127
19772
29160
20388
16419
41393
73424
30488
48137
38137
51934
74234
42893
34960
15785
66905
37801
31309
62382
53788
52648
28033
36986
49960
40540
58430
21022
45972
73684
57317
49420
48428
86085
61731
56728
57095
27689
24624
19298
17300
22688
37142
59185
88472
35024
48332
39902
34353
38851
56052
30607
41651
36804
50412
71365
89266
48255
54431
40144
54979
76913
39363
59519
27433
 5968
25263
42621
55515
53857
59850
48135
49613
52422
31613
10692
56065
38511
53999
26465
79068
56720
32906
 5034
18766
50848
67911
91951
36499
44344
79407
54860
23807
40950
42658
33849
20857
15344
29237
50412
17941
76012
52818
18918
 5755
30031
37286
49408
55719
72756
56645
65909
39343
71344
40345
59344
29058
48740
40475
55789
54322
39854
38702
33118
57125
30545
23645
49039
65177
49698
17738
19436
35516
38252
77915
46333
15345
49705
11365
25146
34250
23011
39103
21839
39491
26468
58915
24020
53593
25239
71931
61741
-1460
73462
67544
12057
28420
53707
43006
42340
42386
80893
54730
47921
85443
53923
39374
48855
39022
86954
56607
65516
52699
38940
54356
-5971
35181
25231
20986
23677
69447
41518
14494
23365
-1723
17214
54386
91615
53529
45899
33416
21614
16797
16075
35875
33486
27078
49665
69467
43990
48714
66290
52301
20532
11440
 5534
51793
33617
 8876
-5947
11547
77304
45726
 6141
35877
56337
44877
58493
82028
16725
66296
14835
32849
35634
32381
21924
64847
39207
66778
88366
42890
55468
41292
74520
48096
75933
  849
33080
47363
68742
43224
36471
60383
42678
56669
37202
25782
38435
60277
46772
23122
11124
-31015
33020
64974
42550
 -260
18441
27756
40847
46593
47439
34325
26736
76759
 8003
48319
37689
-9373
24335
10204
24225
 2924
10152
19079
61510
87564
41278
68822
53600
13678
 6851
54916
61921
38615
29859
44217
27499
63101
41130
 -680
-11292
43521
54285
33877
47004
67838
42608
52600
86916
32043
70151
10901
46008
34739
66776
56810
93679
82508
50778
46234
16737
32277
45830
23903
36926
42975
30923
12145
31834
32173
11186
63412
53739
53520
69894
61772
27156
62938
31650
56979
28526
55077
56162
26894
21309
 9382
43919
58683
55044
68226
17793
84007
46275
66100
43548
29614
45739
50380
28149
37730
 9136
27503
55646
43721
 8180
39490
12834
29228
88063
54959
60915
61953
55291
34638
 -393
 1602
35983
69918
60437
70238
51343
53331
43382
27787
35271
45217
34059
58564
17404
37850
45719
44396
15531
52277
17864
65040
59795
28908
41502
42489
55981
50871
33824
31021
72708
58600
50325
44266
25459
14147
43889
45180
77285
55705
36395
29287
45041
57568
61205
37668
54135
40214
104845
65120
31946
11793
66563
49194
81472
30720
13720
 7540
35566
37530
42548
74333
35745
52252
14319
38711
  751
26926
64955
61096
58768
41515
76751
75141
53277
18080
17354
18365
33538
61696
75033
50724
58954
49423
22692
47101
-13585
47938
36147
69463
24613
57478
48056
66420
42784
 8543
29625
-3281
17761
29654
31931
10614
61794
52384
47431
65331
74630
57508
83765
49172
48689
28875
56992
37098
64957
37889
103484
26777
61301
16771
80345
50245
71767
67632
51441
32103
19528
67188
 7223
66213
69042
63590
87510
55155
58596
43372
22827
29569
35624
18506
17714
52031
25828
24571
-7497
-4998
92241
52720
15798
51620
56698
63832
63809
58096
23306
15273
40461
38768
47306
68734
25485
 3948
 8683
53486
47133
47147
94664
45338
 7150
15481
35570
43792
53020
95654
 3450
19967
20208
51765
54367
101746
63426
24791
53804
35001
21216
48075
54036
44527
69424
57028
42479
13704
50765
49067
62394
62761
20271
29741
67012
48570
57042
33359
25911
-11232
25092
31756
47264
62030
62624
72915
55757
32901
79191
91047
20730
35217
51006
42143
39622
11313
37675
44629
73191
54298
35680
30620
32973
 4378
-14108
39890
43085
30666
66550
77995
30262
76052
56426
59102
30373
55182
27691
40341
25835
29937
28677
49760
36187
58250
25371
74783
42603
36462
19556
11780
71000
80187
35114
57233
14960
39761
58435
64896
30081
66090
46168
31648
38763
37081
44611
61439
76368
50536
39622
50529
30313
11923
-3825
28003
51314
53501
51208
43625
52194
45506
71551
38212
59570
79474
35011
32803
19785
63785
72194
66668
30846
29805
75383
62162
62548
48207
49011
15551
 2791
18094
29411
55809
50317
60154
17033
11506
46750
32345
29212
29403
59173
15416
 4693
22472
47664
51367
79148
47994
65350
10695
49432
60979
77543
42083
16548
20122
 8258
38087
25997
46556
63982
30133
20196
19279
36608
25602
47191
75794
23519
24038
42171
47623
46306
51664
65758
74825
55800
75029
73313
43128
46718
-9013
48940
76712
38172
51599
22176
52924
30030
31718
68963
21101
52710
30994
73303
61342
65477
22349
37016
72980
70820
84712
54303
13836
-26723
44948
17684
33493
96955
69573
52992
40973
24831
39958
39387
51015
57206
56349
-1159
57331
21686
63711
45807
35725
49154
76210
52950
12887
46539
49073
26087
47703
23608
43060
61536
41230
32438
62769
49563
28817
55322
34429
21112
13264
63010
 7127
31452
51144
52325
15101
62474
61132
79788
54723
19602
49281
48504
62913
41612
24359
22252
46736
52002
56773
15538
90481
49432
42546
45396
58476
50918
51200
68118
43384
57582
63178
103508
41029
44386
22269
16645
10394
52017
22448
21096
68459
59120
62678
37316
36394
17853
80570
69239
11782
27302
 -366
25940
26596
67374
48873
96406
40767
48699
51660
33602
55145
42850
48244
43887
36237
79267
64931
47802
44744
41412
35850
33591
59292
34896
10585
16714
75754
26585
55904
25099
62443
55690
45952
52037
65947
51256
32816
 -841
51219
58543
95200
29878
50281
39215
41478
13087
57116
45662
77591
49530
32130
28914
64940
46279
36859
69845
71311
40643
57111
52853
38073
74594
18244
14964
52537
42917
34934
56606
46805
29459
18392
59196
27541
-10225
54263
41775
30348
43229
45836
14819
39907
21779
60393
21486
24748
33736
58516
76640
58605
46500
67595
55407
38522
37689
18065
29765
44264
88071
46513
14820
 7268
55725
26514
47081
22504
48586
61884
31956
39753
56962
67211
60202
45442
28904
 5685
32374
18407
57744
78642
70256
26579
87529
53197
20022
64413
18470
 -974
 1591
40468
50855
43736
67501
83432
42821
61302
63052
34419
58573
44104
15776
82100
74416
48832
46565
47471
63659
83424
51079
58072
55999
18263
66620
34946
36753
49438
60754
40016
45527
42968
47001
88414
59058
29786
28814
 1334
18795
 9246
46853
43951
41943
32074
50390
64965
51366
50767
33120
36829
67688
40809
61808
21124
45326
34494
64430
34631
57562
67933
45593
33682
69419
73582
41761
40551
49580
73285
76638
55734
35263
58181
50859
35338
47014
61417
14600
24015
37800
37893
42996
53249
27129
47826
 1918
63857
42347
48480
-6762
14024
26927
52517
 9668
33011
-5791
36202
62581
34479
69870
50620
81243
75678
48517
29222
59838
68780
55307
78084
63657
69073
51553
17244
70765
37555
34410
22903
54575
30063
41673
57495
32726
61985
103760
42855
20926
  565
36322
16953
52618
44451
66268
40112
71888
10655
47426
55008
64409
41665
38112
68266
45897
41452
54018
58315
52311
-1461
44036
46529
45669
76808
30731
80075
43968
19536
21213
46138
17889
75586
50357
54086
83075
60893
66639
13583
17699
68435
61799
-2396
36670
27898
10576
54098
17062
33985
40573
68333
32927
53784
60007
18528
31752
75713
42191
 3527
23655
60090
15585
62688
51753
29317
26888
-3273
52908
41781
43050
20349
64956
51770
22197
63541
92270
34867
86347
44637
55547
55602
49711
76389
50363
22621
51185
89533
50557
26130
50214
60021
86069
53898
74780
71213
37043
52407
39972
39213
61463
30736
58219
50756
42458
 1033
33918
73582
62022
40881
 3671
57532
21612
81181
69097
49031
50945
47764
50751
86157
62048
 5124
63313
87020
37833
64800
41272
11933
26304
38677
21669
62029
53060
81990
44597
63382
32531
36518
38140
42552
19714
-2265
49664
54496
39624
28390
-8207
52403
64857
23315
82605
85638
71296
44131
 -276
76765
37345
43475
-9281
28342
 3976
53320
55598
78672
59787
42064
68063
50608
13562
13673
24394
55477
92700
48814
59374
55332
77023
21250
74805
57368
55365
21199
68856
31230
19920
17525
55842
45462
48686
 2634
28835
55172
45145
71412
52983
53609
 5839
46608
11762
11678
37058
47511
24489
65468
74854
70891
37962
37870
48110
37554
40053
43935
42479
27425
52730
56726
28663
30082
 4418
64170
63394
27738
37569
11681
55070
41748
52132
45847
71115
78797
43720
13987
29319
101194
60612
39339
84557
 8925
64159
15669
-3854
22146
38557
36906
85361
60385
42587
62008
30724
49341
47796
48928
45592
64859
55682
33327
20531
 5612
39040
58159
36062
16354
50085
48606
68367
46241
32768
50875
76191
52253
57997
46944
41894
-3648
 4437
26457
46126
63959
44928
35590
89667
69389
40647
26377
41147
 -776
87686
 3691
79788
52519
21126
30287
31964
69783
60930
24680
50307
56327
37609
33332
55858
43425
44994
60608
82509
40060
77509
47403
71168
28373
41147
53647
26747
48148
21590
 -372
 8040
19736
72221
31659
61772
83974
39526
60641
26195
68273
23818
-4559
15594
62462
34384
50056
40082
55611
37533
38446
38875
49630
37883
63652
71971
45259
24794
31022
83294
31865
92985
67545
70422
38415
35498
57250
19884
34997
59402
24333
24901
 4200
25130
33238
67787
47690
10698
88011
26629
53849
46908
35215
25408
46794
42423
65771
50029
69148
48543
52172
45613
44704
22835
23175
57030
41462
36197
47276
60966
40746
68497
77127
55345
65423
43197
41655
64006
38793
 8588
62274
77580
34349
14995
19122
39351
16267
  629
48287
44787
77028
31004
67339
22778
23170
30553
64184
10556
34973
30332
70140
47149
 6468
53343
65508
49111
35485
54732
12584
54652
56861
67195
44498
68192
56665
28513
67729
65538
61606
48830
68041
41808
31015
55251
34338
 4119
20866
39207
41291
37677
38160
52272
24203
40851
26060
74717
37380
46542
44500
52570
12048
-12644
32788
69232
64441
-7571
40182
-9790
15842
32811
17354
50938
29183
42370
50564
 7394
58002
65171
59249
61194
23608
44532
37723
106434
-1481
64015
50433
63950
29317
44125
54808
50606
25630
92329
26243
69064
45775
36423
45307
59651
27122
33518
16810
48975
51597
37731
89232
53324
58236
36874
44456
65468
22420
16661
54140
56162
63091
54441
44221
49411
26914
61774
46314
28617
39101
46674
52415
34515
62244
66839
75785
23254
13290
-6318
27304
 9387
57778
76092
46783
35944
21067
68925
36506
49230
17010
36728
69814
39330
32406
56151
72431
52553
25163
18742
91513
79473
67983
31547
59132
-1369
-3300
52077
49970
59159
37411
38188
47686
48809
41469
55111
23174
47674
20900
-4651
41070
27912
79884
26978
70055
33155
36853
64101
12550
41870
85341
33201
44428
54725
77979
75820
49385
79620
38680
42383
54192
42209
50776
20623
42367
34888
-6263
53667
22834
110412
90259
48142
11702
18157
51962
72832
34263
33003
35216
45901
31305
51757
21543
63293
94820
28200
77672
76277
50762
47650
44924
70567
72527
75824
62624
23372
72273
46034
57695
82195
70923
64675
48622
33087
41579
51611
22816
33376
41725
21674
50216
26679
 6729
43334
42298
54794
56819
33894
24483
63410
77724
70637
37517
69957
25854
19264
 7074
37580
42875
27734
83681
25242
32049
20739
78165
66996
46724
57760
23314
 2345
23420
77611
26101
28732
-4487
33285
58897
23440
80063
82437
29640
31301
38196
65712
33064
35205
44917
74901
63011
31498
16629
20235
58858
62840
35821
60544
32630
70368
25076
60178
37828
45505
59765
33907
52652
31691
10351
61642
70550
26918
26865
51266
79918
62679
52122
67747
38206
40862
49362
70242
35049
 6039
38622
 -302
36518
77480
64957
79997
26123
77313
40250
55878
53493
41444
32263
55444
13179
 3122
51074
27412
12032
44241
64332
44086
10742
 5732
32283
 7267
42461
28571
29207
74325
40496
27953
22672
48586
39878
58804
72972
65611
37989
41251
31404
50838
78326
79739
22234
50064
40316
70988
91509
58619
37005
-2542
-9649
42773
29484
70096
86811
29033
35809
35298
17303
20671
 6265
78035
44876
60024
-18605
39557
34346
30717
79863
69423
49284
20365
70997
41892
63773
47425
45195
24136
15665
42366
28344
51513
69385
70150
54305
29678
24957
34143
72604
79954
53239
37837
45802
22719
17583
28252
48469
37558
43625
37170
55670
 8531
 6501
57178
19814
59203
32553
16736
50334
84041
35657
-3390
10152
51495
33055
22187
28214
 1364
44440
76733
55400
40418
21428
57016
22157
37626
11609
26462
65138
60511
68864
41259
35699
98733
67321
79805
45490
51838
53338
43233
31039
27966
34131
57431
29213
 2559
53404
66266
12556
24735
-1434
32972
92763
32728
40023
27165
27951
46632
82713
74837
76153
64406
19364
45942
61284
68441
35937
32168
48790
56066
26070
49240
64337
64825
48806
40214
22891
40082
56488
68867
38753
56268
54764
34301
39815
 4129
42363
41580
74421
33262
52300
28946
33251
53922
42335
32635
32399
61364
56697
66705
55420
46819
66536
48511
105042
46049
28816
73604
63134
57684
40897
39637
  943
62362
55771
76203
56652
89081
23419
19008
10152
67729
61420
49400
15143
43871
39476
57916
64539
10348
66887
54875
33140
 4562
30064
49278
35953
85652
56960
76740
50512
52684
38100
33691
59297
48421
43039
64226
42967
30603
47734
50058
49769
51507
54898
72217
18580
18023
66731
79474
64945
56561
14376
27263
52786
39998
57812
77852
53463
28933
22344
59279
50075
29084
35328
21204
52787
59679
52175
82727
64138
47569
47859
62963
76636
67367
83387
69378
81296
49252
37768
42886
14677
41969
25167
19230
70092
47968
63133
11079
21259
55776
 5595
23103
-4396
50703
42247
62429
37199
44416
40339
52667
43926
83358
16420
77208
-8226
58320
33963
35251
41067
69983
75409
-1753
25302
13424
 9799
 1407
18702
77820
-1791
27574
 2342
34254
80972
64770
27533
10642
43588
15356
57604
51909
76188
62796
59202
16504
44229
53870
79315
46404
40431
20727
32317
57042
 7731
55200
78267
78894
47781
36310
 9161
44292
64672
27874
 8486
54872
71025
46982
37120
11479
23656
32508
31889
62791
 2171
85587
25186
28754
33212
49518
70261
18782
27525
96640
31163
49865
77093
38587
27666
31181
53466
67396
48689
36535
62757
65384
90728
38245
  892
69801
18130
62375
16581
40689
40168
32898
45332
27239
48325
48952
76565
78443
78764
68583
49111
38917
36190
49674
55340
35611
52018
82025
65406
85058
35260
53631
42102
45015
 7589
 6248
55749
61977
54337
48814
38189
28536
33025
20769
10047
59843
91820
30780
61953
43289
20446
47144
82029
76076
41060
36204
66893
44525
82716
72056
47657
42364
74732
49428
32871
36612
71432
43947
51124
54402
35661
-11220
28339
35001
33855
38271
27444
48873
10924
75405
71555
31730
19406
32647
53128
32963
15753
20831
25884
68058
59783
78063
36373
89395
11212
41235
80658
54605
68227
53967
35520
81488
10516
34330
35935
43895
74601
33972
40746
-5242
47784
58190
20951
53941
28899
47131
49033
92652
69141
31727
53203
89386
58278
64368
35265
50135
41171
70358
72226
37752
36196
40013
82327
26723
50842
51338
33359
48807
51472
64973
31781
80860
14592
22787
51159
38493
50555
50998
33477
28411
28199
46256
58218
14746
59993
50956
58918
73123
28664
45285
32298
57487
25323
25493
34558
70965
83949
88716
32551
33288
14065
71206
40528
66977
 7786
11098
38622
45036
105002
62809
50714
12294
  282
34466
71857
15208
 7261
67269
63472
55305
29666
56120
28221
28473
67367
44740
45265
42732
60412
16879
45945
29069
58520
21731
78313
49192
44853
15375
34374
87790
56670
37497
-19848
11442
24148
73207
81401
51210
73100
35441
77459
66608
46554
42956
23934
44772
28670
20705
36289
39633
38960
36734
20660
43614
20084
35805
31333
37428
47533
 5250
35177
46943
56851
52436
36744
38197
30327
44922
57933
34091
42140
 3373
29331
69332
45896
34460
26355
57857
48169
38316
62902
24564
57171
19308
54385
20609
28726
44693
61768
71492
37836
33250
35163
25864
22769
31504
41763
89895
43759
56733
49895
70693
52219
45527
41836
25362
18670
21997
-20935
19496
43272
48643
76925
56164
26945
34132
 5366
51819
71497
25262
31354
32503
43796
43395
70129
55392
89328
48233
14430
53549
32412
87617
70153
13031
59831
43560
52620
32006
54534
34815
32159
45583
60988
19219
12563
50345
65155
42828
27842
11931
39767
59623
51087
44290
63791
71092
74730
36707
11158
41405
55812
32444
15096
54030
78123
80201
49450
40010
87833
59783
85495
55354
14585
55372
28758
39548
38156
22961
78876
22369
54469
23782
28455
66428
37271
58487
43411
31613
18620
75989
61523
63903
72278
83616
71534
81057
43721
62029
30195
47636
49365
75549
53402
59673
57094
60079
85775
118239
35453
51767
33172
49239
41636
25498
 6597
49063
54726
50225
52793
34417
 7513
39987
39922
19848
39055
73040
62338
97157
38943
62379
65064
46806
65790
45573
41239
-9640
18429
63072
61697
105669
68414
27998
36467
65168
47467
69367
44180
22109
57047
21575
44295
76740
42924
 5159
33750
11634
54350
40467
19777
58206
28098
91278
72125
78835
87450
25594
47123
41289
41061
19820
53136
28846
90566
74655
56098
-4488
20631
31780
27812
61801
24404
61916
30495
45722
51990
51952
-1834
17947
58034
39768
74856
40229
31636
36775
40957
80395
60103
41901
56973
36610
 7480
 3095
15549
37468
32824
66996
30940
56998
24836
22865
67477
47781
44698
24081
19211
39349
27116
65105
23595
42721
32895
68773
48633
36207
-20127
44907
60721
13720
29391
17199
42939
60224
42055
29009
57792
62768
76537
52209
19732
20962
31609
30175
43855
74009
 9557
30534
-6464
41043
50892
58190
44275
22862
44709
43003
37151
41326
32386
81381
31764
74270
30303
 4030
11805
29990
20133
38030
34254
36045
67613
60539
80652
38587
52249
 9318
63928
67771
72771
63662
69514
89192
27491
27539
44809
63097
48670
 2983
25969
34414
30411
66764
27748
67740
47216
26548
42738
23696
26471
43981
58083
45767
59632
38831
23121
28820
21585
15640
30144
73938
39327
66533
 2371
15389
57268
40537
31490
35084
72992
78209
76289
44630
80674
60889
69826
69490
29679
17090
55014
33676
37754
 5438
55842
32330
42254
34614
62746
41738
63688
96707
67680
28632
35869
79473
100126
43562
39429
39413
17593
41437
48525
28438
25296
21956
18114
55121
21989
87127
71522
24698
34718
57755
50973
41517
29063
34194
26322
77922
53782
53053
47417
47699
42094
 5404
27321
41895
41104
22381
12988
83267
69101
34034
19620
52456
67581
-8045
73934
63562
80244
72772
18951
30804
12414
14522
51514
34155
23489
57883
55084
40863
29781
70822
23159
27689
38355
44802
51666
30730
35996
90949
67141
54304
25778
43009
40412
73034
72659
40078
72535
41841
48896
51864
60511
58472
83214
26573
41982
67993
60441
65079
25886
37338
28441
27970
74842
56568
16022
21424
48654
52926
77730
41831
39862
18836
47430
46811
69069
40257
60573
67663
40604
10610
20878
47314
65852
40039
31205
46219
31142
27918
34296
52060
54235
22103
49354
42760
46362
53281
73057
49192
-2303
67065
37656
30814
21085
44068
34260
14794
 5583
33070
26864
46202
37689
55564
-4764
61987
27419
91220
53704
44085
 5463
 2932
51416
65514
51712
25806
16009
60595
 6608
24569
38158
27367
19138
18418
84120
32604
19248
23139
34831
60026
20240
44396
30700
58922
85698
52388
61412
61285
33415
63570
27408
69119
81779
50129
52732
54689
49609
46092
63260
69656
79594
63345
33464
54012
44017
23521
48983
42516
69249
43959
47214
69839
28462
71332
26790
32915
58486
 1015
26912
53318
21721
16383
54655
40138
48045
17705
28743
31601
20247
61971
 1801
28642
 1809
27948
39044
 8567
57542
65275
15423
23871
25161
16759
56566
58316
29639
40783
14997
 3203
32769
45574
40596
31395
25455
40574
36535
69171
41590
51443
39722
47562
54309
94293
52977
64060
53600
41228
73159
83828
30460
19465
28582
21769
26172
35622
11309
36421
34879
56596
21312
26836
40360
57484
70352
74594
42585
49774
70436
80397
50904
28439
47064
85180
88899
34484
55828
36443
41578
53777
47590
44951
15456
40458
77910
51089
40511
28795
30813
 9107
26173
53037
36043
59570
50321
48884
32280
-6247
45291
18395
12044
23739
37600
40806
12454
67414
34112
60055
74382
79548
68774
74900
37889
47715
42734
31742
 1402
24048
13737
37719
63967
43356
107870
56492
34884
50864
84444
71204
25926
51248
 7805
32245
63275
93551
39941
37947
53854
37695
44940
54052
32772
16676
57834
42489
54580
82277
33134
38804
56292
90993
52448
55362
79508
42832
45452
44537
57915
30498
36365
38506
 5543
63834
44062
12792
30236
19676
56403
31251
50431
71175
15356
72209
57536
86169
60347
61871
64935
47243
41675
29431
24634
26904
-2707
51485
26810
37395
35436
48925
29718
64755
15542
13366
37764
62094
63961
54005
 6241
53967
54486
86456
73325
68766
21029
13940
64349
70709
74005
 6047
36288
46219
41455
45710
37960
61337
56778
12571
33626
39243
29861
 4885
61422
51460
79217
77479
63704
61987
36870
70402
75294
43373
39752
 3550
34545
58486
36492
69083
45376
24630
53425
62699
91496
62285
71139
65915
31061
35945
45639
54015
19053
47348
58384
47802
71054
86028
73933
29391
-11453
19970
87749
76406
37794
62520
34478
96435
79379
38408
13568
22634
51761
66181
67974
25860
25578
12353
43337
15900
27657
58462
21473
45571
35695
32030
 8120
24211
34530
16321
35654
47572
33939
76120
66668
28799
20125
50791
57994
58395
37068
35535
21382
12285
35559
63618
55640
55493
12001
34839
 4690
42269
-1673
29942
28302
57901
21931
70290
35750
68564
38138
41564
25246
28167
37478
37649
67214
27214
48132
43418
66095
32306
-14466
25935
47624
81393
26758
78806
27985
50401
44881
68660
45029
28577
51683
37977
84183
89873
24762
32159
 1788
50557
89538
62126
75807
26129
22247
48111
40445
41873
31895
63268
28230
38233
60253
62132
89085
47728
58130
32324
55170
37845
15814
 1645
40009
28493
43103
17407
24029
38672
39922
44965
62983
91806
62155
47183
38589
40225
43398
27823
37008
-6595
59462
62879
85599
39139
34600
61519
22457
90040
54591
84143
76879
20869
25802
35078
41289
35867
33460
65021
67939
55370
92138
62064
62021
50521
31577
18866
84515
32203
19215
38172
45220
70453
36790
59249
-1548
47808
74428
50924
16852
 8220
30716
26999
42817
40910
52143
45023
30576
35191
20512
41523
35688
73228
28854
46955
47193
42029
16089
21703
32642
77778
96848
34180
55872
58354
77157
19341
55218
50478
66270
28734
78548
22305
60548
100568
84474
28470
52778
33342
44692
87873
50976
67837
73589
16493
50299
30793
40600
91001
62785
62635
37721
41044
62724
56368
69102
59816
13145
41808
32765
26111
28832
-2325
20944
72601
65411
42905
22114
65678
14424
32307
 8623
50591
 7784
28505
49964
27082
32068
 5693
57060
61271
36185
 8052
53531
71976
13332
53617
 2687
72681
82579
64273
63359
 8094
35770
15569
74390
32499
28951
31927
83459
79788
30871
13997
18948
11865
47402
22824
44128
33250
53210
60774
58285
48388
69506
60050
73958
88608
41421
72412
49783
17602
63520
65066
75156
21386
55222
81576
70480
41944
45810
11516
27228
73439
30006
62053
15035
68436
39899
48150
24051
62078
54577
45098
33802
 -757
35893
42973
53287
26091
30194
21859
33795
51383
59481
52210
44008
60439
17217
49876
58915
41088
42524
39495
29258
63206
62002
33286
57165
30275
47049
29792
 -981
31257
70991
41372
77419
62782
41974
63616
39196
56203
39385
23763
39733
58640
73938
54494
14354
20627
63456
59579
63526
89310
77556
52905
59396
73787
78319
27290
36147
40920
39939
58186
44971
54053
39824
43354
-5754
24277
53890
70892
27956
22025
43740
42125
62418
52716
15409
60907
34778
59752
72736
35659
65034
67401
53095
40042
57947
39358
63781
27660
74090
48955
37848
76105
51550
66433
52702
16908
37367
59479
36267
89419
53997
33657
14351
56629
46499
51037
 4206
13595
30124
-19346
44562
62342
37135
45585
87758
30539
44013
36726
22863
35019
14474
58842
100313
70624
22740
 5761
22874
33530
73387
60803
92004
33044
18659
37373
26751
38947
23949
49152
45122
68548
74677
65006
46359
50905
67409
15718
13048
24614
72634
62332
71083
86190
70080
30196
31839
68509
21285
50506
31398
44515
49720
24844
53033
43668
48259
58843
18545
 -776
34979
25879
91537
25816
13228
-14594
13588
26712
40826
46341
12614
 -862
69698
67434
18701
57869
78078
44717
54701
15562
69464
 2975
44433
69201
50703
62843
27890
57351
19763
44362
50769
35362
91915
-3241
27383
15953
74965
85765
86534
62852
72522
65116
64485
25369
42058
37316
37125
26949
23910
38238
85755
38392
22902
35932
35387
31725
93651
89561
87941
50987
51516
53356
73256
74225
79058
47657
30318
22793
33097
 4521
21730
40023
-4542
59181
58162
47246
33891
13574
51958
80888
33544
21935
58569
23623
72013
44018
11952
58777
69400
32026
34052
69261
54153
40922
51407
43463
49314
 8766
52618
43521
73143
66723
38610
43860
35565
50982
11355
11997
38684
75500
74128
56594
62310
75946
86465
59516
41212
18879
59053
47438
20521
57114
78125
35015
 7652
17639
31851
66876
51616
36077
29780
32562
39128
70466
85561
24221
28552
50848
77424
31973
27518
64914
34637
42064
25484
62937
 -930
29944
-3171
54215
45534
52036
24608
 9711
34885
47407
61093
63245
18897
18873
22724
16698
68808
64837
37416
54834
98021
59676
80605
55954
103586
77443
46367
41075
52706
36561
31694
37591
54208
71869
56621
71196
26767
34812
23451
-5681
56160
65253
78920
40412
77134
38226
64683
65577
69822
58266
65049
19856
85724
72594
70643
74770
48976
 6766
32432
 1474
16591
51921
43301
63694
47834
 4201
46204
56981
57151
44943
64038
34163
 4417
35512
98504
67497
 9570
50866
52640
70555
80010
19676
28687
18357
61488
42791
73343
38734
27333
26435
56772
29302
58397
73034
100624
17385
42837
18190
29560
34358
57224
59306
46214
18991
 3301
20869
52094
27655
60957
51178
46251
31985
 7723
24413
25318
58496
63238
39857
37128
56302
61750
42747
86829
53992
65539
53344
35713
44913
19255
47358
82990
12247
51639
47626
46260
28434
33792
42947
52279
40634
25636
66620
40610
42362
71717
76344
46887
47501
64556
42490
10330
54527
62155
70384
23245
    4
33789
34848
18376
61256
106429
25428
75046
63825
23191
69533
41403
25645
64428
39701
36705
16877
14408
  491
41354
84311
46157
64028
 2481
26663
94860
35787
 -155
54339
39100
30043
54912
44481
51083
53442
30849
58654
24029
66710
55953
117246
35847
-6470
32985
54907
106639
55727
67076
45897
41889
66080
71165
40152
51408
16160
55079
78983
77915
34928
21364
24886
48702
63828
57385
46740
40349
58756
49649
27498
66166
39336
55015
37689
67883
15977
39932
10576
63848
 9280
35007
27946
55612
 3418
61167
 9082
88186
66086
32411
75914
75609
46558
 3032
53546
34142
19948
-16273
59155
81638
30775
27701
13104
13655
47051
60435
24886
11238
 8869
36105
36983
23665
36360
56562
39268
35354
59812
44303
56193
59749
61585
40459
20604
62741
36392
77459
54828
28388
89126
15875
-15399
27897
51883
23912
42263
50377
71066
47122
13291
43418
64868
62755
60632
73671
46708
58427
33944
83191
32364
29612
 8627
11476
34991
57816
42882
32921
38285
62139
62692
14403
33730
    1
79464
74195
32111
 8339
26023
69952
68147
76144
48251
14035
18555
54066
74627
59936
55337
27906
40453
42389
45120
47331
33107
43703
52398
81501
26731
53049
51613
54214
48480
76520
46691
100399
67674
18498
58230
33932
49083
56599
71662
20798
-7190
43774
75473
52405
53549
16058
47788
38143
62422
73603
60772
   25
12955
50433
65616
62384
35956
84450
80827
33144
31146
43144
59892
76951
43912
18663
56604
46546
43239
14205
48188
35657
54639
62308
 8001
-1277
32545
51323
25288
32959
22829
47313
39327
66460
26235
52326
69531
19979
49214
45453
53298
70869
29609
19200
45560
29420
40860
58863
64078
44513
60263
23110
11660
59908
79058
46541
26180
49405
49062
34416
70848
49447
83006
76719
37418
36067
12070
66221
59855
16492
18745
60742
39557
42139
34616
78298
66925
30823
32075
18746
43459
20365
73238
81826
15486
  798
25126
14259
46814
28861
29368
57152
44686
76188
40495
47527
13844
82800
19723
55658
56291
82969
35186
55573
52433
56439
87385
38573
34988
66347
  -45
52022
69979
92530
23679
14126
34876
68077
38384
36954
38419
68103
26755
77228
34508
36777
 9690
19978
69155
38733
47626
47626
60399
49881
61070
53055
28589
 9816
35185
70876
41401
72502
70706
30254
65619
38305
57459
65139
75054
23795
24083
18241
56892
41870
49009
15217
29125
10873
53262
65846
20421
37646
14681
50161
58256
18252
78349
 3515
42660
61219
23083
29511
71250
40708
50664
53726
32330
-2233
 8367
74836
44338
64852
59348
35790
50304
35444
27467
73702
27493
23674
58974
48779
65368
35890
51511
34400
58070
56437
64293
 8417
75853
28518
60975
68988
93578
34177
 4547
32210
24615
37974
36654
59851
63077
30028
26193
32130
23267
45455
53702
79244
54240
75106
95134
54841
61749
16240
40852
38170
43135
26584
37752
58155
23847
32125
58551
32369
38597
86822
97085
54143
36640
71817
71738
71761
69645
53038
42827
67143
53861
52827
61144
38767
90894
77140
29882
52486
50913
56370
80374
49135
62601
66915
-2136
47575
66115
57216
66359
53728
70431
51223
 7677
18045
45130
27799
10946
48775
53302
46714
27150
69457
23721
22770
24939
72788
65295
29085
21854
 7211
61830
  924
25822
41615
39705
62194
50137
27997
71163
25421
25695
18549
54245
37749
29024
35279
29711
39293
51662
36899
31307
75145
64063
48961
78825
13729
38433
81039
55924
