-9357
-13674
-41538
-12138
-8043
43687
14569
 6248
-37135
-19494
 1452
-40280
-5329
-12584
-12825
-5916
-29728
-46020
-26099
 6204
 1618
-22302
 2038
-16413
24842
31187
-29073
12617
18850
-8049
-3209
-2492
 1297
 -827
-36131
 2859
30548
13738
-24982
-29831
-17249
15674
 3403
 1220
-9324
31695
-44800
-22492
-41920
-45809
-38829
-2206
-15560
-9306
17631
13354
14894
-6655
 2421
-2114
-5010
23450
-12731
-23004
14284
11507
-14253
44293
-33723
-39511
-29923
-10117
  272
-3199
14509
37482
14754
13458
-58338
-5532
-18304
27299
 9734
-16537
50038
34548
-29418
-1448
 9936
-16393
-19791
 4645
-12785
-15807
-15965
-21516
15111
24580
22056
-21118
42291
-20259
 9836
-46816
12594
-13132
-18734
-26520
10614
 1793
-12841
17307
 8514
11150
 -990
 2121
34001
-14044
-13157
 3469
 5314
40204
18835
-57684
  -30
 7838
34438
10285
13965
25880
 3065
10131
-9022
-37570
-5232
-8215
-5774
39210
-27993
12962
42870
 6931
10150
-4804
-14582
-37811
59300
25179
 2426
50077
-1797
-8843
-12294
-8834
-6225
-36625
 1767
-31490
 9520
47283
-1397
-7409
35817
 4728
-5042
 1988
-16136
-10100
 7668
-43750
24789
21090
15711
31480
35399
-4270
14249
25532
 1332
 6321
29159
-9899
-30623
34912
-12139
 7011
-11505
30320
-7812
-21653
-1781
12178
-12776
48694
29899
35876
67546
-11596
19888
 1513
-5733
-39561
20883
34432
 -186
14660
29589
-12393
 1898
-10743
-3897
48147
10467
28170
19920
17846
 -900
-18385
11216
 2790
-14802
-18530
-45583
-34102
-15985
-12699
22351
-37704
-8458
19196
29056
13149
16489
-25908
 7273
-5403
-20672
-20654
-7184
21987
 6777
12115
71819
-27584
13113
-39419
 5253
54920
 4432
-1800
-8822
-23239
37002
27429
10503
-26858
-6476
18127
-4375
63950
-5192
-4304
-41017
11160
15740
-28150
 7621
11446
37731
51655
-6223
-12052
-16688
-31757
-5890
-9914
-6795
16842
 9345
33379
31517
-1296
-22770
-43055
 4589
-16401
10627
-22702
-3756
-29703
-16170
-19209
26505
-42889
14756
-10305
-11622
-47657
-28492
54905
21731
29287
-26699
10280
-14531
24859
-5857
10948
 3232
-2938
46144
 8509
-10738
19318
-21048
 -889
26552
-26080
-6217
-42973
-22326
-30925
18253
-56801
 5807
 4216
 7742
-32506
-26252
-16475
-31357
-15469
-4849
-8166
10116
-33624
 7605
19917
16894
-2090
-10106
-3098
 7352
-49516
 -446
57583
25502
43045
 6287
13720
 3708
20254
18996
-13356
 6008
 9976
43234
17169
34811
-14624
 7108
23840
18189
 4125
38178
11799
-20199
-15036
15931
-13873
 7644
-5033
-22630
-5086
15857
17300
-30334
16286
-39411
20400
-23041
-22097
-44914
-21630
 1519
26720
29786
-19606
-4282
 6314
23810
-1332
-32169
-46556
-68663
24105
18191
27765
68675
-6810
-3468
30163
-14267
-40736
-26953
12352
-4621
46756
18702
31873
-8587
 7426
-10951
 5007
14606
 3939
15301
18427
 5169
17551
45256
40833
 1635
25613
-19299
-5346
-5803
-14274
-18813
 4582
13796
 3790
 3699
14419
 5536
-14636
 3285
-5442
 2987
 2410
18493
-55275
-10166
-7156
28602
13938
-5017
-34008
-6393
18160
-23345
40891
 6115
25654
-1668
 2159
13125
 3854
-6555
54538
 4842
-8959
60078
 -682
 9992
-66245
-18363
21993
35835
-3299
-2486
-4389
-19310
17175
 2049
-18788
-63346
 7614
15696
15089
-13640
-24294
 2070
-26476
56525
-22231
 9715
11232
-10875
-4292
20271
 9636
-8757
 3610
 3908
20849
-5904
 -302
 1223
-17642
-5112
47840
 8362
37050
-36701
-6446
21216
37215
 7045
 4329
-18072
-4197
 3926
 2523
 5923
-1805
-25506
42552
40089
-1319
 4759
 7453
-20131
-27576
36072
-12510
12506
 6518
37780
 6714
14543
-6605
-46758
-50888
-5222
37367
-13395
57913
-3603
 -350
-22378
14294
12469
 6007
12814
20882
-38594
-10605
  578
24058
16080
-9252
-6001
-7398
-23272
31063
-9396
-9325
-26855
-22767
33706
 6956
47319
  183
17942
 6557
-6505
-8866
-11096
23554
 9025
36493
 1269
22109
-16581
-9832
-14652
-44951
26522
-21539
20176
52372
 6114
-14366
 8122
-8850
-47135
-18265
25840
-17190
 4020
-16472
 7854
35213
21306
 6726
-12859
-2302
19199
37765
 -861
13456
-20760
-4545
-6765
15567
-27833
11795
-6892
 4794
 1820
 4195
15210
10313
22261
20601
-36043
-3313
-22569
10456
-6754
30236
22221
14415
 3372
-22219
22918
-57482
 4074
 6442
10644
-6542
27326
-20308
29089
18906
13136
-1727
-12873
 9646
13198
-10175
 6680
-6920
-3219
15353
 5794
23165
-17729
-28823
-9913
-30296
-16572
13227
 9248
 7715
 5180
 9594
-23194
-15454
-21194
-15656
-20792
-9923
30199
29463
 7064
11311
-36991
-1015
15670
28876
-38534
-9224
-1484
-13193
-5851
 2103
-12517
21310
 8396
30039
52227
-7215
-25081
38786
-12016
-3549
-27078
 2970
-21921
 6122
 5591
32405
-36996
24046
 2648
-26572
21954
-7313
10323
-30940
 5276
-12976
-45745
 1017
-26615
10453
 8279
-6530
11225
 9072
-45347
13368
17990
-40709
-5265
29578
-50337
-14282
-33261
-47194
10763
-5919
-12826
-22845
-14917
12061
 9531
22616
 2225
36758
-8087
-30476
-31223
-67018
-4805
-53463
-27837
-25454
-9045
-7097
-11260
 2552
-13589
-56890
-24552
-6628
 8598
-14368
-25166
-26695
17301
-36063
-26796
-22754
42254
 7686
-36929
-37574
-23502
-38834
 6001
-34883
44654
 -593
-29893
-1461
 4541
19189
28127
-5473
 9619
-1717
-11019
 6868
-19098
-11146
-24371
27082
 7199
15830
-8676
35282
34615
-35348
42625
28796
 7827
23988
-18961
-14909
13126
 9340
 1662
-4842
 1955
 -735
33923
14069
15714
44055
24212
 2912
15058
-16100
-22072
-18282
 5414
-10732
16673
30096
-15293
 6505
-35901
-16274
-38436
30608
42464
13368
 8938
-4080
23599
 4642
16195
13431
-32846
23415
20938
23757
 1470
29752
-62252
-18703
10725
 5104
16441
  596
-3136
27280
-6624
16321
 6534
 6795
 2660
-17420
-7023
 1498
-5234
24810
18490
31893
24041
-39220
-7258
-66186
14883
26582
27986
 5608
 2886
19031
24428
 6896
30693
11461
 3823
-3941
24717
25424
37967
22952
-16798
 3057
 5678
12086
-32067
  443
40731
10408
-62533
-1954
-34179
 -726
-24720
12992
54938
 -379
-51131
-5188
33134
 4846
45900
-13711
-13187
-7538
17622
 2947
-11040
-8089
27357
19390
17956
-25941
28444
-16000
-22518
 3957
14844
-9798
11369
-23963
-4313
-18056
16546
29272
 6908
-21357
-15738
-3808
32063
-12286
-1799
58168
12278
-45438
-7766
-38640
 8823
11151
37045
 9083
-7453
-44138
-21012
-34302
-60065
 3726
-34632
17701
20850
13132
-16874
-12773
-14361
18739
-29780
-9441
-27997
-45568
-8332
 3391
-45279
-18302
19741
 4950
 6541
24906
-3401
 9150
-10320
14810
-39498
 3173
 4998
-36303
16470
-42148
21893
-20423
 5660
52974
10893
43980
-34665
-54609
-3560
-21933
 9925
-18992
16059
 7644
 -352
 8954
-21668
-11475
   54
-4253
 2555
 4355
-11883
-51467
35283
-3743
 4708
23708
11996
58668
 5678
-12701
-30438
21321
-41880
23315
 8730
37791
-5073
19264
34579
 8566
29510
 6650
13049
38279
-15329
-56356
-19194
 4291
25773
30498
-25538
-35723
-11762
-55385
 6739
-1168
49869
 8176
 4069
 5194
 4973
-1287
-24827
 6267
 4816
-2633
 2016
15031
42889
-16875
-18623
-1201
14724
-22351
28860
10905
 5877
-23997
-7788
14211
 -392
-38815
-3717
-9878
-45379
-29260
24974
 5885
25178
43622
36296
13184
-18942
-7587
-10811
18249
19739
12501
-24172
-38510
-8667
 2167
-9884
  204
-16998
-4753
-7601
28379
25007
-26324
-3226
 2818
14846
10933
34848
41945
-14854
18960
28747
-1236
 2939
13459
 7988
-12084
-36886
-22794
-14138
-26308
41866
30586
29022
-4196
-23330
 4034
-4375
-20326
-4339
-20310
 9762
-14484
  904
44217
 2579
-11968
14963
36232
-19010
-10798
18641
-13627
-13639
-14086
-15593
-19053
-52199
-1622
14388
32206
-15265
-11194
13943
-7287
-21830
-28655
-21571
 3311
-15144
-68456
-15021
37972
20461
 8653
 -509
-7698
-23890
 2207
-17276
19500
19564
 6046
 8959
-43937
-13346
28583
 1561
-15147
40486
22964
-31124
20302
-2962
19345
-6416
-24089
29686
-25872
-31072
19901
 9103
-21339
10367
-35563
13135
34035
 1413
20273
-14014
-9537
11524
41967
11000
37159
-7686
-6942
-21915
-21343
17713
-11594
 9224
 5390
-28690
-22892
15697
-14501
-12028
-3274
 1107
23492
10964
51085
14806
15848
17315
34729
24234
-15010
24880
-35716
-10597
-17421
 8805
-34245
-12807
 5390
22407
21464
-27293
 5806
16528
23015
77724
-20027
32746
-54314
-6420
-22282
-4093
37153
-21885
62840
-6141
27027
-2418
-8185
 7071
 2602
-43721
36776
-14634
-30566
-19734
-15423
-15134
-24170
 4973
-24547
35294
-7306
-31717
-27035
-9416
-19779
 5242
 4939
-9551
 2472
10342
10103
 8979
48620
-14104
18644
 6011
-12766
21166
-4188
-24521
  191
 -277
19789
-15570
-8583
-50043
14285
22049
33085
-9441
-29619
12522
 6032
-12372
-28641
15946
42799
-19548
-15261
22766
14771
-7470
-13682
-51988
 1211
11466
23933
-2350
12897
19394
-43029
-3304
-11114
 1516
32692
-25268
-8746
25461
 3322
-17650
-63717
-22621
-35030
-24499
-53494
26244
 2882
33835
31816
 9136
-4977
 7071
20917
17336
-14518
-4731
 2709
 9807
-41980
-20753
-31041
14195
-19881
-7444
-19014
26380
24567
-47402
-49482
-20051
-3397
-29530
 7682
 1303
28939
15314
-3325
-22819
 8250
16269
 4719
15110
17485
-20295
10622
-25271
34941
-10950
-8301
17914
31773
-7747
-5239
 9092
 -620
-30440
 1398
43683
14505
-28709
22283
21885
10369
 9463
41803
41485
-12672
11078
-37232
35029
-51149
-10177
-38663
44158
-1616
23145
 4886
  949
49447
-21610
 1718
12580
  128
59425
24483
14787
-22798
36400
 9559
 8230
44008
-17998
-10431
 2789
-32008
-19153
15400
-5138
24600
-22626
-33201
-27314
12557
-50223
-30013
-15808
42711
42732
 8026
 1484
 4209
-29577
-39828
-20784
-3333
26132
-32788
-43675
-11119
-18583
 7519
-6201
-41064
37172
-18223
11650
-15774
15948
23129
 5151
11021
41662
14549
-29383
-5019
-8698
 6534
 1643
 5797
23017
-27127
25933
 3210
40795
16463
18880
-2539
18182
11429
-32891
-18320
-22295
32328
16596
 -737
-5010
49288
17147
-23382
-15384
  347
-35487
-21620
-34219
-23166
-36206
 2040
-32523
15702
-1905
-54329
17446
 4123
-21904
 8388
-29254
-34308
-8269
-46703
14048
22563
-8444
-1219
 1187
-9269
-13834
 7693
16682
-11616
-9288
-19965
-15809
-3925
-50191
29579
24004
33987
 -597
 9873
  787
33366
  956
-24879
-26036
29851
 8664
34310
-9221
-16701
  228
 4769
21773
 5599
-12483
-4260
 6808
11988
47203
 2815
 3559
30273
11743
-5308
23102
-2104
23426
-13774
12913
41393
 6046
13411
-28730
11303
-18986
22565
38286
29222
-14299
 2974
  389
21583
-2638
 8508
-7266
-4087
 4888
22690
20008
-26099
38707
-15487
39072
11064
26791
21524
-51180
-10100
22828
-17319
16268
-17263
36143
-25528
14715
 8457
21823
16467
-29229
-12267
-38380
26234
 8028
  816
-39922
22601
-3627
-24737
15477
20670
32796
-5475
-29226
 2111
 8204
-19316
 6392
-28612
33506
-29372
-9149
-26479
-5161
-10966
43897
 1123
60531
-35101
-9383
-7599
20374
19398
31787
35102
11322
 8646
-34332
-15174
-17261
-21792
13054
-24838
-5627
16944
19473
-4940
 5067
-16830
-24816
25597
 8883
 7975
31147
40710
33343
-38646
12978
-13372
 8752
-34085
-26817
-38103
  740
39500
-22667
-10388
-42286
-7578
-8713
-11074
15859
-50754
-43312
-20037
 -324
 3249
21025
-3839
20752
-36318
 7504
-30219
25644
-32765
-8687
-7313
18122
-25538
 2122
-21681
-50146
-37156
 -496
15093
21991
-8009
  730
22783
13648
 1655
14380
 9649
13367
12565
 2450
-10589
-6584
 7906
-29781
-29822
27883
-22166
-14858
-12891
 8382
19437
 4094
-3896
-14133
-27794
-23807
-3595
25620
-9098
 6235
 2461
-30043
-15920
-9799
-23784
-40341
-15862
26160
10000
-20522
-10960
-13253
 9906
-18986
-18169
-12101
-11949
-39829
 -330
28101
52281
59495
-9248
24482
  303
 6591
-12297
58244
12736
-7740
-7021
10780
13651
-35342
-7725
17144
-11838
-11925
17751
-20612
 7648
 1658
-3958
-53589
-11486
-37525
-18867
 7931
  479
23023
20650
  322
-8076
 4822
-5090
12423
-21459
29608
 4120
35008
 8039
17100
-13331
   -8
-23479
-9724
 2445
-6132
-44804
15394
 5101
23960
44442
-1652
-11481
-11697
-7940
-40358
17937
-29368
36252
22092
38222
31984
-31504
-12277
-41805
 7052
-26905
11272
30025
  -21
-31371
-3741
-7484
 5345
-26248
10925
38510
25887
  -61
51339
-16608
-3605
35359
-36313
34731
13041
25004
 5971
-34303
25004
17134
-11005
10662
-20186
 9672
  308
-2425
32595
-16716
29404
23524
 3896
 7379
  630
21449
-13156
 7124
18963
22162
16115
10783
45435
 5886
22237
-22400
-4242
15211
-8942
16027
-1814
57968
-29896
-19829
-6611
-23085
18176
-14563
-11966
-35176
-61824
 5638
-6708
48674
-28802
-22604
-6082
-1697
-26216
-37629
-12835
 -832
12600
40940
29056
 1499
77338
21516
17629
-5585
22930
13621
 -889
34550
-19075
 2001
-10873
-14569
 5450
-1638
 6622
-43942
18021
-21240
-2063
-19420
59314
 -187
-2887
-29561
12598
 7449
10077
 2784
-17022
-12063
11870
41757
 -728
17442
-6237
10536
-6024
22403
-6638
-4740
-31073
 9372
 9678
   34
25574
-3106
17516
-36770
18215
-7755
-5277
24543
-42439
19933
-11579
 2555
-46032
-33069
-6230
-15836
 7869
-22390
-18041
32452
-14705
-30486
 7955
31298
-23284
 2476
16908
21021
28493
 1654
-3437
10141
50946
-27662
-33753
-18296
-29401
 6475
-20234
-33015
-27755
-5748
17707
-26995
-15339
-1529
-35507
-2765
-29876
-10212
-3353
-13547
-44832
-17279
-16666
-5545
-27924
27898
-10832
 3996
35678
-2526
-2827
39040
-2565
47116
17980
11675
-3621
20920
-36405
-18891
-6181
41539
 1459
25311
-15797
  550
-1456
 3322
-81494
-41850
-23606
-26877
-42889
-12298
 8902
-21945
-3496
-5083
-41529
18670
27206
25689
-11078
24394
 9450
-53694
 3427
-10471
-11056
20568
10994
16619
38596
-15045
15862
  640
16947
14299
10925
  759
-32443
-18521
-11896
-36361
45458
-23200
 -948
-9916
-36248
-7894
-33181
-4349
 9523
-26342
 2084
32524
 3340
48981
18477
17758
 8252
 5513
-16760
-2581
41959
30905
 5446
17047
 2357
11877
-13641
-32364
32567
 7706
-6306
-4290
-6414
33409
  357
20375
-7055
40344
34004
-10400
-30267
23098
-6344
17608
33560
 6835
27004
  122
52116
22161
 9751
29115
 2543
18605
-18417
50078
 3111
-26015
-48340
-24120
20136
16904
43227
 9462
-7161
 7718
-10788
30585
-29388
17052
-7477
-1939
-49650
-10080
11313
 -477
10403
-2308
 -341
40057
12546
 2666
 7530
23787
-15203
23537
17824
-7422
-14186
50144
27090
19577
30327
27522
39531
31238
31100
-15691
59774
-10964
 2347
-16409
-53759
-10275
-28963
25099
-2526
 8821
-21022
-17266
-1977
  557
13838
-8591
-33633
-17343
-42050
45793
-3153
12163
 7063
-22335
-14766
-16959
-9781
-28361
15383
-11011
17010
14435
 3754
10416
 5229
40851
-32776
23695
 2706
-8903
-16753
11345
14610
17559
  590
-11687
11386
-21108
-12582
-4766
 6832
32977
-4532
-20097
-31526
-30301
18575
13023
-21440
-34727
-6167
 8366
-9399
30180
-14459
32387
10181
 7103
-11658
44640
-11527
-11578
55618
-1592
 1007
-14676
-23084
 5447
25381
 8232
-39161
-38639
11862
33519
29210
30509
 4327
-5815
-8014
-15971
 9751
-12023
25893
-21136
40154
-4712
-33647
-15547
15769
-21658
-14984
13801
39794
-9576
-26865
-16412
-18105
-49370
16150
-3838
-6440
-16715
-39951
-1883
17323
-41448
-10398
-14572
-16689
-17663
 -703
 5989
-12754
-18725
-6021
-9386
19203
36872
17499
14999
-6116
12681
-26977
14220
42025
  379
30546
-29968
-8033
-47844
-2572
22826
-23682
-4430
20061
-16962
-18769
11284
-14502
 -848
  786
17655
48054
 5963
22327
-22292
44651
10377
56865
12425
 7262
13725
 -648
 -396
27275
  -19
-29663
-26969
-10273
-17128
30219
30551
11448
 6249
-45347
-12361
-38021
-8986
17171
 9673
22636
-11883
38500
-39762
14110
12688
16894
-6956
 6447
-25866
-10020
-49706
-6291
-15656
24485
34061
-10049
-27551
-9810
-9082
16418
 5762
-6907
-19558
13033
 2030
27000
 8525
-13697
-15711
 -339
-3478
 8624
33581
-15703
-38372
20350
 2822
22711
-6532
-3868
30597
-3552
46907
23954
24278
-25443
18281
22305
22591
15390
28834
 1316
-46971
-21328
-32928
17452
 7117
15203
-17860
27818
13741
13636
35468
-14375
 5634
-8021
38990
-1257
43261
13459
-13727
-25394
-30082
-1760
16817
10468
-2760
-21712
-15429
-17035
-19565
 6993
13021
-6542
-31464
 6853
10628
16575
11604
10690
-15394
11516
 1966
31860
-20358
 8111
29738
-8243
20559
-30423
-41366
-8750
 -191
 1520
-28363
-4884
 3234
-38469
-8110
20327
-1452
37468
 3210
-23093
13581
18657
-11877
27983
-21037
-21888
 3313
20973
-42237
-9260
 8021
31071
-8777
-13789
-8741
 7748
 7912
35211
-39512
11663
-18552
14676
-1950
12698
-55058
-1432
 6944
-6514
-4362
-10471
-12385
-18876
11318
-22461
12798
-11286
31365
50597
18649
-4631
 -931
 2185
-2297
13262
-10092
-34862
 5378
 9707
20207
-7883
-13517
-7387
-14903
-16150
-25393
 4806
35256
13085
-28723
16143
-19671
-65881
14560
11793
21561
38312
-27146
-3793
21278
-21131
-3061
21006
-19033
-1050
-4790
31210
-20150
-16544
-14218
 7715
-18474
-12240
 2360
-39655
-31132
40217
   69
38276
-20951
-1653
-19134
-2025
-3567
-10644
 6794
-5844
-1740
 2728
12691
32634
  750
35569
-39456
15010
-18682
 8408
-3469
-27834
46458
-30245
11785
-22941
25465
15545
 9990
-7816
-25640
24473
-13141
-28988
-3416
-20363
-56247
-16079
  -46
22951
-19798
-11261
-30576
50679
-5533
-15891
19180
44431
11215
-22653
18951
 2766
 6463
-37652
18917
-20672
-27238
-7769
16271
-52123
-3956
-15046
73049
10838
 9424
-8210
-17851
-38460
10758
-27030
-2887
-17919
 1590
-21944
-26483
20028
  -67
-5847
-13052
-43777
-17747
-41077
-3992
-9230
19763
11757
11270
-2855
-2763
-4900
-50049
22034
-11628
-5366
-24311
 9912
 2298
 9606
-13870
17163
 -405
-35623
27452
-13877
38799
-22914
 7854
-3025
-26714
-2007
33308
-20555
 6763
-36518
13175
 5756
-27171
 8657
-23100
-20626
 5123
-16189
27480
21327
 -988
-10621
-15280
11756
25047
 -168
 8115
-38431
37166
-1553
18352
41862
 1141
-1038
-38238
-21137
 8129
24934
-11624
11813
-22114
 9457
-28729
-5224
-8687
-33606
-20414
 1226
 4621
-18601
20027
-9279
-22764
35001
-28376
 2088
42850
16457
-5562
 7929
 9853
-4503
-8044
-19147
-13961
 5472
26781
-54049
 5447
30859
-9235
-34504
11097
 8729
32844
 6346
18077
-13457
15768
-8722
34238
10828
 4405
-61310
 6332
-3162
17144
-3812
 -868
-16369
31924
-10151
29082
44737
-12420
19535
 2033
-3046
-5352
-38399
26673
28687
26086
29877
20291
28271
24791
  -53
 2598
-6218
30121
38485
-18641
-29939
-21698
28349
33837
-6077
-7952
-27498
-15105
35505
 1689
-9806
33111
-18116
-41552
13251
-2053
-19323
 8720
-12812
 9008
-23932
-6880
30246
-10237
 5258
-22822
-6586
-21308
-1319
-18075
-6445
-15858
18054
-1993
-26162
-24727
-42279
21634
-16289
-29665
-2069
-23811
24847
-47555
-22770
-9673
 3921
 2645
-51922
 7366
-33646
39373
10078
 4292
15954
23522
19317
40781
31868
21664
15638
-6693
-38013
 -374
28825
26131
19545
 6893
-40912
-2600
41921
-2240
 4488
-2135
-4460
34622
-23058
-29043
  120
 8405
-5945
-20239
25536
14754
-20913
-34704
-2594
-14333
-11190
-9357
42469
17532
-7835
   21
56499
 1462
-16589
23586
-36189
-21972
47974
-42322
 7097
-14450
14729
12322
47892
27597
11261
14182
39973
-31749
20834
-6665
 7203
24975
-2340
-15392
   22
  -83
-52461
-11463
-23325
-20101
18809
-7786
 1665
24281
17490
36782
-8683
-14479
32321
-39611
14314
20649
 9901
 1122
 2074
28595
18385
21267
11135
-31556
39465
-49374
-29315
-28335
-17935
17490
-4764
14404
33042
-21195
36028
11555
29039
-2120
 7199
16153
17809
-23612
47273
-6325
14525
  623
-27978
 6107
-14043
-6368
-58781
-8408
  559
-22280
-4597
-14614
-26158
23624
-28743
-38017
-5200
-50176
-23017
   28
-21509
-27794
17266
-3934
-44174
-23708
-46524
16184
15816
-18324
31364
-3314
29759
10148
-22897
-4971
 4564
15660
34238
24264
18177
 6974
-17663
-2587
25972
56196
32165
-4083
43931
 8231
15573
 3367
42727
-25523
   13
15885
-29273
-15153
 1163
-18100
 1886
-3759
62736
-9827
26772
57444
-12941
 5424
 -190
-29453
-28770
-12323
-4752
34116
-22616
-8663
 2756
-36939
20608
-5142
20475
-4584
18316
 8874
16267
-15026
-4912
-27414
-5490
-10087
-4743
17664
  167
52185
-38343
-44656
14781
 4873
-34173
-9939
-20016
-22093
-12881
-15323
-27568
-36472
24947
 9658
23183
12475
-29288
-11549
-7241
36497
22476
-18155
-13894
20161
16810
-2357
 4306
 2062
-42693
 3843
-7231
40183
53591
35965
-49129
22250
-18020
13057
23610
11445
69897
  898
30140
 9901
-23798
35842
-29013
-2240
13169
 3102
 1542
26208
-30165
 3609
33772
62298
 7768
-5652
11902
 4286
-5440
-19202
-20562
-7464
13270
29430
-1158
 4314
-22622
-41662
-10557
 2852
-17599
 2438
-20547
-34879
 4008
-13883
-43254
11711
-26483
-10011
14685
-16049
-3872
 4377
-12737
 7515
33607
29316
43620
30458
 7646
-4933
-18258
-45965
-29646
-6083
16233
25387
-21008
-5313
-14146
-1559
40202
20624
 4083
 8051
13181
-37513
19916
-58298
-12361
-35403
-33856
18714
32936
16956
-3427
24161
25835
 -717
-68057
-21930
-31169
-13667
22667
 1844
15462
18171
-21102
 3064
-2045
 5428
-6135
 3554
-10912
-3824
-2701
-5710
35504
-36909
-22442
-47589
-53248
-41795
22544
-24554
-8539
-20874
-30354
  975
-11023
24715
21220
-23457
-21397
-17717
-1461
34681
 6284
38370
44388
18934
-7968
-12659
10641
-11740
-19451
-5060
30886
-3688
42521
-33344
-11976
-12542
-24070
26881
-21717
-12181
-3108
-21959
-7706
-3250
  797
41474
-26439
20175
  992
-3472
 -809
 6437
 3681
20400
43804
-10632
28393
-13328
38115
 1201
15051
-3419
-3381
30360
-9866
14547
 8219
-4144
 -705
-14007
12429
13795
-15213
-56241
-10769
32923
 3817
-14247
-21950
-5792
51858
-11024
-29204
-9818
 9495
 5822
11657
-9239
-12351
 3335
-4171
21425
39888
-3871
39922
-34190
 2213
28247
-2613
38243
-65574
 5085
-2257
-27792
-34824
19953
16237
27661
 1927
 6613
-3924
-31748
 9418
-20854
-34005
 9636
-25018
-11445
 5645
19350
18044
23245
 9661
 1976
-21007
-18020
26846
19364
38843
25789
 4847
-16529
 6920
 3381
-10086
11971
28039
 3942
30100
22932
26697
-21792
-16648
-42911
 2706
 6433
-15961
-27193
-4547
-2738
-27000
-7409
-6761
-35082
26804
-10236
11100
11562
-2039
43711
 3306
17543
 7516
26473
40141
 3790
 3836
 6224
-20960
-5114
-1343
 -252
-8434
 9490
12344
-2718
-12110
-37167
-24303
-2744
 2067
 -770
23842
12104
-31463
18990
30931
-50055
31381
18259
-2948
-14352
-19149
-16255
21476
 9437
 6654
 7973
-31332
 9616
-38258
-30554
-5217
-37353
-25955
-20989
 -121
-15802
26440
-6591
-2163
-6709
 8331
52425
52641
-25714
-24865
-12694
-37171
43069
-18745
41966
-20449
10474
37872
10206
-27811
-3654
21154
-15835
-2595
-13429
 3703
-66822
 7693
13946
 7571
10111
22313
-9092
-34399
22529
-10036
  563
12198
-5874
-1175
-23561
38420
17699
-28142
-2361
  782
-5861
 1157
 -991
-4435
45981
-16183
 -526
-5786
39521
-18944
-30646
  244
-37757
 7559
-13080
-16086
-18758
25498
-9025
-52153
20895
-52021
17983
20296
53664
42959
47456
-6064
28741
-15744
14817
17507
 -814
17847
-14029
-56900
-11283
-10883
-16157
 9484
-6867
17637
-30118
-36608
10555
33738
 9247
27581
37336
24395
-20609
 6655
-30189
-8560
29097
-22712
-33040
10190
42144
-6167
-6484
  -29
13031
-23978
27962
 -939
-25401
27502
-7200
-4027
14214
25811
 1088
-5755
-32664
 5012
13320
49392
27386
-1094
19322
14690
 1103
 1925
 2638
-33424
   66
-12844
-25682
 9337
23501
-31365
 9546
  390
-18734
41332
-19686
-5796
18135
-7528
-4902
39512
-28344
-2775
55864
 5929
22086
 5884
14010
 -830
-23956
39928
34244
-2176
58021
12613
-10326
-12733
 1292
33172
-17982
  520
26533
 3124
 8946
18010
 7333
-12813
-14876
-2021
 5176
15227
-24717
-25439
38392
-38005
-10691
-14189
21521
11087
-3504
20637
21338
31469
42134
 7410
24111
21826
-18368
-21805
-20592
-10042
25390
-18288
 3777
-27917
 -813
-22805
 6949
-19877
-1100
-11879
16414
-11767
-45201
 9412
26208
35493
11575
 3499
 1708
57510
-51189
-20788
-4510
33490
 8248
-34623
17189
-5414
  972
-25037
-27061
-51946
-31157
-18046
 4999
-7935
25130
-22351
-13418
48307
-23903
25268
-28646
17050
32711
16315
 3518
20788
 3815
 4029
-25518
 1703
 9162
-11595
-15084
-48467
-2209
 3029
-2684
-10691
 9488
-2465
-18284
 6399
 4078
18320
 1645
-29090
-21889
-2394
-22313
 3459
11291
-14178
10478
16216
19714
-6459
27793
-17692
-8320
-29362
-15030
-11374
-11223
 3793
 6182
-38264
 1175
  953
-22841
-45725
-9535
-7662
-19904
14418
-16966
 8947
29710
-23948
14440
26676
 6472
-5943
50821
 4985
33967
-3032
 7224
26755
-1194
17823
-2825
-6793
-32873
-27031
-26649
 9482
-17656
 6580
-20683
20449
17646
29845
 1105
-16812
-11040
  822
32797
-42921
-32143
-29702
18513
 3718
34258
25526
37287
-3296
30585
  478
 -428
17622
-23434
-7308
-28395
-2231
-35031
-51181
32404
  943
20971
-10778
-41400
 2469
36925
 9718
32496
 3218
-14261
 -961
-19272
24621
-5926
27730
-2184
-5689
-2432
-17441
29459
-23942
-1953
-47504
 1676
 -659
32875
13655
-23946
-1098
 2644
-34459
-15686
-4301
-41528
-10155
-19940
-12202
21983
24095
-30533
 6150
 6252
14977
-12010
-39983
 7147
24392
37070
 9085
 5495
-41716
-12510
24447
 6112
-21308
11867
-17651
16292
21031
23079
-3846
-12759
 5790
13881
-12165
-12561
 2931
38269
-3003
-3357
34006
-36423
 7864
 4902
11602
26245
21198
 -592
-16338
-42635
-35418
-21055
-39541
-17818
-23329
-19134
-32518
12006
-80147
15576
-27610
22992
 6396
11829
-8315
-34483
-16755
 3251
-7119
-33405
40531
-7608
 3536
-41819
 -392
19984
21183
17682
-12508
-28175
-8921
-54398
-30047
-9911
-40274
28910
-29354
-26714
31283
45253
 2130
 8642
 2815
-7703
-24505
 8068
   55
27466
22534
-10997
-29864
-23357
-13414
-36086
32163
 8301
 6798
-7521
-13036
 3939
-17560
29197
-47239
 7988
16235
42224
 -241
-1031
-6602
12642
-3072
-26385
17425
17102
14970
24000
-25004
82051
42161
-8839
49236
36622
-4836
23157
-32204
-26891
 7457
-14266
17683
47975
-10570
 4084
  754
 1714
-20693
71283
-18265
-14870
18704
-27509
-21491
15903
-18679
11985
-8168
-12324
23901
-48995
-13601
-32702
-31638
-8914
29057
41737
  797
 7214
 3697
-32391
26285
-20944
-24333
-28317
50932
16052
23963
 8769
52334
49312
-6050
  581
 3501
28309
 4518
46898
-8647
24610
22559
-2314
 7798
30137
 -231
-1842
-19919
-11340
 9255
-9265
15956
30341
61483
19152
-15547
-3823
23894
26308
 2499
45816
 1356
-1782
-8581
18013
-15193
45932
11344
-27934
-32648
 3376
-10948
16637
 6949
 9209
10121
32039
  768
 -661
36270
-6267
-19415
18193
-10310
21919
28076
-28767
17588
29112
 2880
26953
 2434
-6904
25764
-43764
-13946
16491
 7800
14029
47974
13054
-11115
16856
-25871
18724
-18661
-13859
-17572
16160
-23202
-7104
15592
20643
-4368
45123
37543
 6822
30695
-34992
 6570
 4142
14647
-4175
27790
-19389
-8101
-16953
-21398
-2123
-16851
-10846
-30506
21746
-13537
  980
-25213
 5946
22659
31163
55723
35849
35785
-1415
10039
-15990
-16508
 1063
-6539
43266
 4486
-6891
-9827
18457
-70619
-18589
-28289
-67683
11088
32860
 8248
29463
 5748
-4154
10045
-24655
  901
10759
43688
11932
25659
-2123
-9292
43899
-11235
22544
-9494
12341
-39705
-32298
-8486
 1116
-42549
-13123
-35979
-1807
-49939
49059
-9592
13512
33924
-44941
-51444
10073
-14841
-19488
-5834
 1955
25290
 1182
-29192
-22980
33452
22566
-22421
  967
10763
26116
-11924
-3775
42445
10952
33513
-22497
-28231
-2242
17239
22345
51236
40064
19678
11986
 4230
-19275
-45835
-5016
-41477
 1380
-10947
24571
-16738
-19784
35110
-1034
 8590
-21494
28011
-13118
-4081
-16509
-26030
-11209
-10474
-17619
-3082
-28834
18165
-22608
-53187
-4834
  332
-27200
-30658
33755
-8554
 8275
12654
 2315
26278
25820
 5835
 -167
 5977
16827
-35751
-30557
-38647
-13786
 9798
-18159
13491
34372
-20657
-10184
 6478
-33527
 -751
21693
18671
72959
 8851
53820
21661
-28985
 2901
-20982
-71262
-29781
 -179
 -500
-14636
22807
-19240
-19048
-8280
-18476
-11360
  723
-32362
26018
21786
-14207
 4420
  148
-1428
-13394
-2910
-4960
23258
17876
-19151
30348
-38638
-22407
  629
 4397
25837
-19652
-8724
-18890
  663
-6596
-15798
-20782
-19152
11728
-3990
-9870
-3397
 2781
-40499
-25703
23453
11460
15551
 2280
-16622
 7945
24495
12405
-8554
-27192
-29445
-25019
-63064
-15212
-24327
 6541
20556
15631
-14831
-22042
-55384
-1609
-2845
-10950
13750
-23320
36240
12749
-16616
 -198
-1173
-23941
-24408
-1707
-19853
-2748
-31539
-39545
-28042
-10780
 7903
-6157
 3497
 2692
-3800
-2353
-15234
-4621
51145
21359
17051
-5213
11574
-19885
26518
23629
 2935
  367
20674
21754
  671
11368
-19438
-35841
 -643
-4534
-16798
 4149
-6897
13358
37370
-42477
-17469
-7527
-20465
 7392
16685
-1086
28004
11448
-8032
  -26
-6257
26154
11527
42393
-14756
13650
-21133
-8951
28439
 5774
28290
 4835
 9039
14269
-3713
18925
15425
-3464
-19063
-4963
-14945
-28744
51958
-9292
-1367
-20697
-4368
12040
 9357
40467
32591
11273
36856
  -56
28633
22991
18125
-8248
14849
-25999
-1610
 1550
-17163
-37485
-32135
-6218
-5678
19125
-7098
12897
-1249
10574
-12459
-7248
 9432
  163
15238
 5110
31503
-23588
-2287
24812
42586
29241
11977
-29823
 9315
 2793
-50857
-3055
-6586
13563
-10949
-3794
20162
-36587
-24984
-32517
 -229
-14825
32086
20686
 9222
-49052
-16261
-4926
 3376
14713
-4156
24392
-9096
-8485
-19507
 1455
-18154
-51448
-1142
-14368
 6991
 8758
19748
-43596
-15838
10778
-12064
 2991
  204
-7489
-28939
23796
23045
-5493
-11221
23063
56280
11591
-41993
12085
-44868
11088
14458
-49269
10495
 -111
30490
-9192
-46340
-22033
-34342
18597
-25794
 3756
-30302
-25144
-9787
14918
-38632
 2099
-30153
 4483
 8568
-25098
-8945
-4601
34624
-13806
-5470
-21715
-4109
16222
23668
29640
-13682
17029
-59847
-20485
33408
-16285
12025
 7403
-30269
-2794
 1954
-11981
-19092
-8276
-8507
27387
50972
45934
-8366
37842
-32965
14618
-1100
-8035
-10123
-10287
32013
-4122
22597
 -984
 5814
 3263
 2763
-4980
-36403
 6036
-18655
11435
 6677
41276
25073
53328
-12660
-3896
 9043
-1569
-30576
-48865
35907
 -834
 1270
25179
-21265
-17856
13028
55746
37504
-24402
 3738
-9059
50015
-4600
-26799
 4173
 7502
-31586
30885
12220
-7805
27160
26557
-32007
-7337
36436
43337
-39266
28323
16386
34662
26565
21157
39229
-43242
-15009
 1274
 8899
-38097
-35739
13873
 8975
 -891
 9221
-12410
35521
46232
-10936
23252
-25389
-4618
-12834
-11421
-16724
 8727
18226
20824
35499
 8992
-34689
-19296
10630
-41245
-26851
16737
27782
37533
-18910
-19985
-20956
  869
16040
 7892
 5188
-13630
 6674
17071
-27625
34249
 6424
10277
-18108
-30797
-16586
 8314
33658
 1934
12328
-4319
56788
41781
-3901
-13501
 1759
 -786
 4654
-15428
-36904
-37201
-29081
-23240
-13762
-3412
29632
27327
-16341
22126
25218
-6180
-37781
-31810
-1848
 9405
-3212
20327
 3445
-21034
-26776
 6981
-47331
-9026
-18784
 9622
-5167
-14129
 9339
-21495
39457
-8721
19914
-31206
-48511
-18201
 1988
22601
28731
15451
-13009
21048
-23279
-20647
-9434
30777
-18279
-26263
29316
14809
-26782
13967
-19858
-19377
 -796
35068
-22881
-33528
-18839
-25283
-22983
18950
 5897
-11066
-15846
-3644
47245
-11590
-18621
 6119
21743
 8381
14483
-16100
-3632
20505
 4162
38289
-26145
49162
-19676
10623
-1324
 4542
-23158
-23498
-10867
-37725
11226
47903
50615
-2203
 5536
-20304
15151
-1806
13652
16914
-18925
36164
-35813
-25368
-17667
32638
-3440
11585
-41437
-11529
18399
 6484
35239
 2648
-35075
-9180
-15719
-58088
-38521
-26581
-18535
31354
-10253
 2732
-48885
-6312
 6642
16278
 8659
37952
-19003
13760
-22378
40298
19486
-20725
-39359
-20170
21440
28722
-26315
28668
-23895
-7095
-12957
-7176
24081
-1424
13790
27245
30312
-15768
13343
-13741
 5834
20191
15229
24650
 7577
16415
22418
33030
-32571
-24923
-9387
-16660
 5933
 -977
11407
-13171
-13245
-17586
17031
10089
-4062
-6532
20746
 2928
 5842
32803
12119
-18320
-23474
25870
-10510
37776
-15669
-5633
-32215
-34346
-2101
12391
 9537
15289
50073
44869
-21881
13854
 3386
25596
44756
-22095
-5996
-34556
-51734
 9124
-34801
52111
42099
-4369
-3626
38090
22338
-15083
 2897
13494
-38577
23714
-3269
16992
-12587
11898
-12344
  890
  460
15220
10160
41711
18092
 1402
31151
-26785
64344
-2889
-12773
26082
 9291
 8265
 8874
15109
 7966
22037
-4475
28228
 7493
-16199
-54709
10833
 4551
26052
 3683
-20340
 5860
 -891
-30462
-7116
19617
12785
31814
-5207
 7179
-7671
12990
-20514
30181
-18808
21791
47953
36684
 -655
30760
 8846
12172
-19580
 7175
-30805
-37833
36291
-6405
-12153
-11523
-9429
-40691
 1475
-25395
-26858
 3791
34292
22305
67895
14489
14161
-28064
-22610
14991
21052
45546
 2893
16513
-11560
 6688
-2774
-9119
-37681
-34939
-16006
-15283
-4534
-4818
-55394
  411
-22222
14438
 2878
16431
13896
-24518
-2236
-29292
-6898
-25064
 2386
-14818
-33947
-31186
-16990
10509
-21597
10703
-7507
 8533
-32806
 3705
 1985
-13173
-49015
-3420
-9717
14278
33249
24221
28770
-35900
-12869
-29454
 8435
-11665
-24136
 -526
-61538
-11844
-62847
-26210
-12764
 3460
 -554
-30325
-9727
-8076
-24046
-10818
-19260
 1577
-41398
-21876
-10162
 7576
-22649
-6542
52909
 -645
34862
13547
-9275
-33271
27365
-9749
-44470
-4156
-8517
18617
-16374
-29010
-16455
-8965
21889
17507
-10641
30927
-4183
14402
-16106
17194
 9729
-35587
-19560
-5801
-14723
 1754
-25634
-32758
-20291
-2843
34916
49188
31007
27110
 -254
  136
24911
31980
29989
11749
-29914
 -122
-40668
-3034
-2542
 3122
-27027
 7408
 5939
-29396
12431
-39181
18633
-14728
-43602
14957
 2696
 8095
 3431
-9086
-16615
  842
15994
-19183
26091
-10799
-14811
 3395
-20331
-33639
 5178
18210
-21809
-34285
 5096
-7473
41974
27180
-3909
-1665
10363
24039
-17550
29708
-11123
 1678
37928
-4154
-12166
 9841
16369
-27311
-23624
-7154
32620
13687
-11172
10264
-6012
 -856
 4586
32357
 7677
13574
-18906
 1344
11658
-13206
27974
-29044
-27411
14567
-19391
 9888
 6925
 5363
-42739
10705
 -852
-14240
  -50
-23607
 8381
-18754
19106
16547
20341
-7387
22846
39639
-6983
-5210
49876
33181
25331
-16649
 4226
-14409
10868
-9888
-35197
-14274
-25274
14857
18169
-6018
34537
-18961
-37180
-9335
-2083
-6000
38786
21156
 7858
-4307
-3059
-9759
31580
 -515
  904
-47157
-2326
-3523
-24508
-23902
-25148
-29236
-19234
-6477
85785
-1418
-22943
-30328
-11906
-35838
19074
41571
 6759
-27759
 2366
  189
16349
18896
25675
-29773
10115
14254
21351
19342
60381
23545
18854
-2356
32068
37724
 3590
12525
53791
-18105
14678
-19232
21932
-20807
-3627
-47831
-6939
-10002
-11797
-41377
-15382
-6842
25483
-1494
-19052
   42
11707
 8437
-19360
19717
-14752
29466
-8228
-9731
-11262
11258
10429
12623
 8877
23201
-12553
-9519
-15777
18803
12931
33734
-5913
20244
-43065
50017
27518
29853
  202
38591
12870
72046
   63
15963
-16244
-9664
-10471
-1352
-22811
-9018
-21832
-35175
-5548
-13835
-2082
-20063
-18587
13322
-17980
15579
10712
15790
36736
 3045
16914
15860
-2809
-18817
11928
 8875
-13135
-18967
21113
20629
20915
-3959
51862
-31500
-21547
-25430
22353
30917
-17628
13597
49606
-15323
 7060
-20536
38352
43479
-1090
-34825
20730
18316
20914
11212
-9054
  479
-3709
-4166
34464
-5131
 2741
23450
-2155
38475
37597
12728
11234
 4811
-38416
-13250
-1898
-9423
 8660
 9189
23006
26845
-9234
-1775
-3012
-17779
31426
-42633
24980
 4757
33195
18665
33464
-9540
 4263
16451
-38089
-19830
27281
20047
 7144
-21139
-24112
22453
-8680
20000
19885
32101
35264
11461
40184
-5691
24780
-14878
29212
44213
18538
33684
-18884
18409
-3151
39195
-6437
-5559
-20385
-4365
34138
 7949
-31667
-39941
-11172
  310
-6415
 9645
-35967
41868
-13376
  951
 1487
 7279
-3701
34211
 8252
 8944
18034
32562
 9542
19473
-12453
-19467
17844
-42502
12346
  485
-12317
  959
 9184
25512
13560
20840
-5282
-12663
18022
 1308
-39233
-44961
-3578
24613
-22853
-17117
-30473
22172
-45598
-9423
 1693
36225
-21880
-35309
 4172
39646
-12423
-30698
-39042
-7968
-5919
23507
15327
 6635
-25731
 4136
30917
14276
 1408
 9168
-33634
-10867
-21184
-7671
-9648
 7039
-13859
14604
-3319
  362
17593
 7734
-30820
-12981
-36687
-27509
13985
33969
30923
-12466
-22999
-15970
10696
18986
 -257
24903
40760
22220
-18542
-23897
-8851
45252
-1170
19019
  219
  754
-2700
-31522
-28359
-27919
11549
 6790
 8824
-35715
-51880
-3666
-15923
 5724
-15701
-20530
  -20
-32631
 4715
43545
27246
 4776
-28825
24179
23562
 6672
 8718
-27559
-41065
15072
 7795
10518
-14640
11032
27131
 3677
 8749
39627
 7317
 2480
-15420
-24277
32947
 8143
50012
-38982
29429
 6390
 4518
-27627
24215
-6624
-47122
-26569
-4750
-14146
-13413
-37333
  369
-57996
-30621
33169
-5825
-17348
-4868
52929
13077
-16359
-20331
63728
-29775
-4186
 9485
32125
34488
-19516
29972
14679
-25429
15744
-17622
-18472
27967
-9441
-2019
 4242
13465
-36967
-20384
-32495
 2268
-31258
-3178
13409
 1487
-12165
-9488
 2514
-14546
15951
18233
-1320
27348
 -136
-15082
26555
33886
 7890
-17295
52832
23094
-7740
 6134
-4855
 -544
13829
15991
-23724
-9048
 5551
13747
 8549
-6224
24900
30931
-17662
32594
-16436
40962
11805
16382
-65984
-6012
17729
23521
-3639
-4834
-9403
 5003
-3577
-24505
12869
22424
-6691
 4232
-16901
-15354
 8680
-11183
-27552
-6567
-4660
-13137
-20383
16741
-8864
 5009
  640
-7043
12500
16136
-49129
-10440
-13305
36409
27970
18747
-23981
25034
-32586
 8146
-20673
-41533
 -870
-26476
-13140
21189
43081
 3945
-13391
-33607
17990
-12995
42084
28668
-8135
-28575
17696
  750
-4692
-31739
  703
-20901
-37136
-16954
21284
-4216
 3880
-25056
 8828
  412
-3027
-15817
37309
-20748
14771
-52661
 6215
-15991
-4293
-14268
 9983
14171
-1636
-2079
 7692
40105
-17141
-12066
10752
13146
-29819
19203
-10737
-25110
-9149
 2610
-31242
46191
-3165
-13234
 8577
39063
-29869
-12273
-30499
 5904
19734
15317
-18671
-39805
 1055
-9482
-39486
-6576
14015
37355
-21775
11390
26593
38764
 1549
 6681
-29747
-12237
 5993
 2321
-9264
-28111
-26845
24208
-16155
41504
-16018
18439
-17793
-36330
-28771
15847
-9421
21657
-43892
20879
38851
19395
34745
-4166
27778
-4301
50646
17395
-6342
-22914
-4127
-4099
-7475
28679
-9801
-9810
-35594
21308
16102
22520
 -785
  431
 9684
 2478
14300
31631
31711
-2095
-42253
-19293
  958
-4809
-25422
-55897
22318
-45954
18176
57199
37980
21382
 7939
59750
-17133
20042
24266
46271
19074
-7158
-20416
23484
-10640
-41050
 3962
-8935
-45802
18172
-1106
12533
18819
11828
 6202
42787
51283
-16043
-3769
10416
 -636
-42822
 9521
 3487
30818
 3672
19211
-17062
 5697
27984
24906
23911
 6469
-27755
 8069
 2384
47434
-16888
 3110
20266
 7747
-15418
 -600
-11108
23116
14320
-11983
 5690
25170
-5296
 3342
-24783
46103
 3106
-1417
-48918
-3267
-52825
 8298
   31
13397
 -468
28553
-2236
-2427
 3586
-32341
-2380
-9389
29482
-15918
 8958
27878
 6461
37143
 6315
-12914
39938
10048
-28840
-15152
-54668
-7793
-49523
-49988
-34184
14227
 2691
-41827
-1350
10646
-12710
33786
36384
-30507
65039
-13450
-15083
-4543
-67424
-28251
-22037
-2301
-26677
-23146
-22071
-24319
25618
-16193
-12898
20659
20013
 2217
11721
21237
-38041
-23287
-6524
-7038
-10397
-13153
-17887
-41145
-27406
-2842
23052
-5507
24991
-16112
21177
32767
-32689
 -308
-12020
-10284
-11701
-37153
-23201
-10982
20604
-34362
-20170
10319
-1153
-18988
27743
19026
-17719
-18170
-22861
-35466
-19717
-19346
 7748
-23875
-4660
17787
-1979
 7138
17025
24737
24026
-6644
-39001
-3481
-2823
-11176
-10402
 6031
-17213
12841
-15310
29570
-26467
16650
20427
 -749
-16392
-3190
-22289
-11837
 1248
-30081
-7601
15350
-11978
-26658
-22993
-26837
-13220
25883
23840
23052
-4543
 7614
-6930
-5235
 5928
-31007
18611
21461
-34710
-15731
-6058
-44408
 2735
13874
31088
48796
37505
-13582
 3394
32571
17528
35082
-5007
-33803
-20444
-19967
-26191
-53856
-2543
-8073
26050
34127
17640
26955
-19488
18857
 9869
30850
-10758
-4518
33468
-23841
-4961
-21193
 8363
12915
40623
59779
 -454
16400
-19914
21694
-2152
24052
27796
-29600
23818
-33601
-24351
-11343
 1701
-17850
-4454
38370
 6789
40249
16387
24116
24656
10760
-11152
28544
23912
-11335
-20506
 3228
-1483
-48298
-28915
16647
13033
 3171
40101
-1245
-4475
19375
16976
19148
-8753
12941
10652
-26238
-17767
-20164
-12404
-24806
-3427
-2473
31099
42596
-3524
42357
-20010
 9860
10711
13296
-47566
 7619
15078
36253
 6276
15229
-1066
18211
31992
50979
21410
-5162
-14412
-51413
-12610
17898
 -970
24675
13063
42354
-12498
-32085
-39501
 -238
 7063
14730
-52750
44028
 4068
52165
 9905
-5429
-22042
-29625
 7165
18713
26911
11847
-48157
 4532
12037
 1239
25048
-2698
 5124
31608
-3149
18619
25441
-16989
-24208
-22662
51935
-8089
 5796
-6166
-37934
38193
-41161
-1597
15008
10412
-1343
30860
-31421
-14029
-37709
-20237
-9123
 8069
-12624
-15558
-50508
13653
12448
-26018
36004
21465
-1449
28916
17603
-28554
15284
-6699
 4259
 9655
-12227
-1181
 6137
 5807
-22777
-17506
23265
 2840
 3764
 8945
 5935
-11509
-5600
 -995
 8664
 7386
-6435
-5417
12693
-19590
 2311
-25174
-2631
-4245
 6980
29845
  762
-39402
24482
-12354
 2908
11826
 1360
-7277
-16020
-59858
  -15
33973
-30781
 6181
-32381
-15275
-1964
-13543
10373
17355
-59112
-4752
-12570
-20778
-13233
-8753
-4591
-19802
26430
 7098
-25638
-15841
 6350
33402
12762
 7448
-18776
27641
 9745
12810
-50057
-39243
-23306
19210
36761
18373
35605
16064
-33254
-30736
-7970
-37507
-42250
-1464
-4622
21541
-12993
18396
-13538
16377
22755
14451
33211
-6815
-13921
-37877
21412
-12170
24992
-19415
-12228
49920
 6960
16680
45953
 3025
28425
20483
 8615
12454
 8666
-35414
19708
46795
 9282
-21626
18955
19735
-1782
35965
-41518
 1258
-16138
-12251
26049
-37352
-7841
-34840
-45853
12379
-17892
-17540
56211
23138
10537
-20981
-10370
 3235
  526
20129
10980
14940
-11160
20811
  157
-11730
 1892
-34471
21359
-32046
-14004
32196
 7345
 1013
 4465
-13178
-13093
-4255
10342
14972
 2932
-48173
13407
17991
-2947
 1023
 4256
 5351
46433
-10355
  688
-2664
-2943
 6532
41491
30636
-6494
 6218
-2953
-20103
24816
-9979
-3700
-26275
17895
-7375
34655
 2877
-14857
-3378
13932
-21773
12234
-47899
 3529
 -563
24093
 1916
-1403
-8783
-25153
-38065
-20972
-22662
-8480
-15408
 6443
 2688
-4682
 2840
-25878
-1925
-8909
-21180
 1272
-8273
-34043
-9161
 4486
54374
-8188
-23802
18661
-2558
60112
-42612
26667
  545
 9897
-5662
   -5
-21802
-18664
-26094
-3850
-12973
-7864
-30358
15882
-32575
-7128
-2987
-57040
 8513
20839
 6574
-16325
-22297
-15466
12182
 3309
39520
-11759
-30649
30661
-4129
 4374
-13576
-11092
 9014
-22210
-19270
-4252
-17517
-23269
 6748
 4120
32607
47861
 4809
-6716
-40718
20236
 3051
20122
  836
10205
-8086
23071
 5435
-15035
41837
 4418
-8157
20147
 3398
-7131
-12042
-18225
 3687
22767
-10869
22063
10572
19262
15728
  326
-22794
21623
 3757
21043
-9771
-15011
-25405
-2247
24933
19982
21053
33092
-5093
18294
-8087
 9094
-29558
-21462
17029
11044
 5578
-38378
-21298
17964
20847
-21353
-20858
-12439
 9732
 2718
 3491
-38411
-19023
-7726
31580
10886
33610
 4306
-2780
44979
-43682
23303
-8311
53067
18947
 7648
-1851
34820
26536
 8468
-4409
-14125
 3002
24636
-30627
-32718
-7712
-18515
-12288
-16569
-2343
27770
22153
37159
59624
23110
13448
22438
30610
-11246
28333
30092
-39143
-10250
-26523
 -684
32818
-31515
45708
-1177
-13957
13623
-16976
-13882
-26242
-27360
23692
27600
15686
39802
-8711
60573
-11657
 6338
-20703
-45709
-7496
-3953
-19431
 1686
12849
 3248
-16309
21423
40518
 1574
-16444
 6821
-34934
-23271
19463
15267
23656
-21993
-2312
-20060
19307
-2702
 1100
-43580
 7762
-40311
-18841
-24468
 8042
19615
 5690
-25321
22658
12157
-5837
-50436
22603
-22150
-28818
-7318
-12633
 2347
24110
39143
38189
21504
-14311
-47337
13621
13225
 6507
-6210
-11227
19525
27406
-8730
12309
-38408
18949
-1775
30839
26792
-10621
-9191
-5285
-12165
-11439
-4671
11039
54732
30285
-7612
-18639
 7926
-9036
 9448
-23869
-37965
 1184
-2156
28462
-26751
-11092
-2247
-4037
27999
11041
  133
-20600
 2041
14106
31126
-18887
-7460
-15704
-12007
-18655
 7906
-35215
-48491
21026
-9102
-10523
-4424
 6169
-20137
 4112
-27032
-3407
-13670
 1536
-1516
-10984
24428
-35580
-2585
-40824
13604
-22147
12094
-3037
12974
 5799
-28365
 2399
-23609
-26395
-5533
18698
-6030
50275
18125
-42626
15160
-10795
-61622
-1389
-23432
 5647
-35324
-9977
20766
15536
40137
-24462
32554
22769
-2946
-29872
17882
15096
28997
16313
 3758
 5643
47096
12322
-37551
-2194
-2009
13585
  234
 1506
-20510
-3745
27006
31900
-26173
-55718
-26727
-34479
11667
-43317
-20053
-38056
 9230
 9097
24362
-16612
29832
13996
52943
-8909
19546
-41791
 7238
-42468
20885
-43557
 8051
-5330
-3573
 8705
-20998
-23873
-11609
-21126
 3342
-10110
-7064
 2093
-11460
30466
13475
-30502
-1897
 4724
-18352
12467
-1169
50033
12948
 7341
-16336
-20120
-9193
-37287
 9756
-32162
-27588
  -98
-32612
17814
23322
 -875
21994
 9291
37006
-11958
42899
-12717
13076
-7419
    1
-1263
-26915
12009
-25197
-1070
40919
-6927
-1506
-41278
-33147
-17120
-42860
-11832
69923
-7694
36590
53467
45014
19498
49675
-9824
-37156
-17256
17498
14376
29965
31520
23143
24483
71617
27835
-20117
-31341
-23137
-33413
25838
-31244
47665
-19919
-13410
-13079
-27654
-11374
32485
13280
-36567
-33958
17755
10865
34556
-12081
 9237
 -762
21941
-13793
 3676
-28213
-5446
10736
20772
 9372
18827
-27155
38513
55374
23030
-13024
-22411
-19101
24249
-27286
 5812
-9409
-17865
-9009
-1499
30836
-5075
-3201
10112
-21193
18074
-29719
-23723
-23102
-13715
-10640
-33798
-14243
 2222
-27345
41634
-20325
-36121
-22047
13060
-4274
-28853
39691
-13900
 1788
 6183
-14724
26777
-7766
57140
36076
-9030
-26277
-34587
13052
-1151
32084
-16174
23583
-15053
-54917
-38232
 -499
-23932
-3084
 3870
-23769
-8641
33245
16772
31516
-4198
36369
-10157
28581
23706
41671
22676
14660
41685
-4530
-8576
-36448
-4338
-41948
-14014
10374
-23199
-10159
 7450
-17549
-12906
-1768
-12196
-50320
32690
-2119
-55967
-34684
-13222
48401
23525
 7270
-22778
-35416
22129
-14781
-17160
 1545
 6895
-1280
35884
-50868
46593
-3579
-12019
-21215
-50222
 6266
-33955
-32392
-14055
-26027
 2799
48518
78277
 7507
21223
-30347
16491
  284
-23122
-6740
10051
15642
34929
24029
-5732
 2690
 7003
 4393
-50713
13113
-6529
18289
-48365
16492
-19750
 1038
26469
27122
31129
24735
-6037
59087
 9504
-20216
28955
12017
-15867
21193
 9325
11270
-16854
11927
-22058
16334
-12707
-8119
13792
 1203
-18588
-8542
-1167
-35173
-23030
22834
19336
-9678
-13467
-41959
-11004
-22529
16245
15895
-6487
-2297
-35623
 4240
 2613
 3148
28456
-29906
-3040
-30207
-10468
13636
-6873
-11519
-21465
 3678
-48624
 1390
-27404
24204
14141
-11575
-10275
-19910
-10572
-6172
-5396
10632
-23830
 7877
-1811
-17601
19236
 -831
-39088
-29263
 8885
44124
  331
-43034
12019
 8345
-12090
46334
-21608
31790
-13730
-17061
30501
-29772
 1941
 7498
32363
-27762
20455
18916
 5072
 7432
-15043
 5665
 5480
24506
-25439
27615
-33660
-35723
 6095
-23693
-14703
44270
-17731
-33245
-29272
-39227
-15434
-23959
-28274
42363
-10799
-28021
22541
-14746
-16890
56204
20085
37970
13963
-9810
-20099
-25025
-34109
   40
-36761
-40243
 8417
-38062
-15352
-14120
  -38
-5106
28319
-24548
 1887
-11480
36273
19527
-5601
-2605
-2497
40282
 5953
50418
-8295
 5191
-1072
-16411
-9529
 7846
60794
  418
15546
-9372
14313
22596
-4673
-14849
17937
44212
17055
-11390
38481
-51439
17270
11933
27350
41053
-2235
25879
-4763
 4945
-11183
31292
-4655
-15513
 5881
 1823
18703
-4792
-15832
14178
21836
22097
-8490
-8247
-33630
-3656
-32644
13091
18858
32934
12760
  369
51599
-18634
 2082
 7979
 7173
-18777
-44882
-8314
-3679
-7642
-19080
-10932
16633
13628
-12052
 4507
-1317
-28104
15358
10160
20061
 9703
-5547
21666
47113
48168
-23693
59350
 5503
 5858
-15878
-33014
-26876
-22408
40944
47251
-2819
28017
11725
-25276
-11401
 7933
-6870
 4232
 1186
-12474
11776
-9940
-36404
-16330
-5358
25036
-31233
17566
-11658
-10212
31092
 3350
32009
15333
-1151
 4250
 9527
12626
-40181
-15848
-26842
26542
 2647
-3105
-6269
-22185
-23721
-21175
-34606
-8559
10470
-3796
  155
-16637
-58623
 4239
-2243
-11090
 9492
18281
19488
19684
11833
 -908
35156
13403
 9668
10393
12897
17425
-9318
 4182
-27389
-43910
 4964
-12083
40996
-33404
-32124
 2020
22002
15700
 6756
-9899
-7291
22454
39987
16092
 8796
  446
30016
25650
 9001
 3448
-5776
11078
-8456
-43593
 3601
 5423
-5018
-9261
-21180
-12726
27615
34998
21747
11428
-5109
32269
-8520
-6513
 4705
31094
-33033
37979
 5283
-26571
23950
-18581
19512
-18041
-2211
-21062
-3991
-28475
-58238
 1060
12962
12644
 1558
22760
-14450
-35750
-3596
-6853
31762
36629
41436
23811
16258
21643
11576
 4637
-18697
15556
 2603
11796
-17385
 3272
-3649
15895
15173
24256
17183
35682
11422
 3517
-8923
18171
-35245
-15846
-2030
33680
-31253
 6870
19667
-23344
-3983
 -386
15010
40513
25492
27049
 9906
24786
-32716
31435
16200
15110
25861
19751
 -789
-6914
21065
46144
18136
16326
 3291
-22653
-6330
10150
-38627
-2711
-43911
22044
36545
44192
14228
-29422
-64172
 -534
10063
-13319
-10342
-4121
-18531
-32913
19524
-36986
  952
 -847
-33232
-31885
-25063
-27356
-27665
 8642
-4036
-11642
 3083
-5779
-16587
 1845
-14263
-12732
29501
 4225
 1183
-60402
-28514
11661
 8077
-29181
-4595
22257
-24999
 -848
 7061
10162
 9529
-25438
28056
-48101
-29621
29394
-19411
36777
 9157
 6683
43066
 7754
-26579
26880
 1442
-16477
-20110
17368
63391
 1769
-10729
-40173
-18169
-2655
-28060
-30993
-6930
 3316
-7998
-9261
-16222
-39676
-1609
-4936
-17002
11385
10831
-14755
-30841
 8816
-36964
-18554
-7441
-25425
26911
 2737
30563
-34726
27981
19337
-14293
18884
17128
-1434
-1562
 3322
-6903
-13771
 9546
30122
 5421
-12205
-7733
-21519
 5668
32550
-4742
-11875
 3804
-39765
-26769
 3814
-44820
23286
-26314
-8825
-38877
 7325
14264
   47
-2975
-29493
-12244
12281
-1845
36756
25654
-14580
-21468
38823
10520
37412
14355
12064
 5606
28223
10858
-26959
-11577
24127
29839
17442
-35594
 6948
17036
-28033
-19866
-19133
37589
-41292
-21089
-16637
 4329
 5356
 1003
-14865
-7636
12275
   46
17800
56862
 7827
20733
-26630
-12350
-23977
10843
26346
53960
29333
11969
17924
-3494
16420
 5850
-26451
26312
18122
-33525
-44379
26942
-10923
-11221
-12218
52268
-2908
37995
-16471
-3652
 4448
-6463
13794
12905
-24923
20289
28456
20718
21849
22282
 7228
 8256
-8207
35106
-49037
21039
22998
24775
15080
 7751
 -454
 6766
11656
-4066
-41238
 4436
-1989
17042
-47171
35158
-48362
-3101
 -836
 9212
-19112
27249
26077
-37291
21650
17847
24248
-6946
-15334
-10756
16217
-4565
33006
21931
  857
-38416
-17030
 5823
-3860
-5564
16418
26771
-9945
19234
 1600
-37109
-23432
-30954
13120
27937
23517
-3271
13926
-5267
41294
-12994
-29732
-35498
-39058
 1636
-45555
 7577
-40049
13577
-23531
19063
 1262
-7020
28745
-18182
43925
 6493
20868
-23803
20104
39087
-42878
 7933
-2743
11361
-7430
 1797
-33425
-5392
-4049
-15301
22416
 8676
14847
-43647
 2758
12633
-12603
-41152
-37000
 -815
-2689
-4834
-18057
-5871
 6331
-22556
 6187
15344
10327
-41619
-17178
-12165
-12698
18505
-31193
-29240
-4664
-33869
-17461
-28158
-52870
-16552
-25698
-4494
 5507
-3038
  677
38061
-18394
 6473
-49847
-21058
34278
-11629
-2586
-38255
-51237
-25914
  662
 1101
-20099
10754
-3716
-10802
22684
45658
-8544
24000
-1567
-31185
-4833
15127
-7465
-1356
-3774
-12890
18789
-11352
-6039
-22307
-1334
-23735
-2509
12736
 4640
 9866
12286
-10876
48763
-4558
30741
 -195
10064
 5597
-36546
11018
-20773
-5573
-32083
-47129
  777
-37775
-18606
-49040
12576
-15058
-10609
-1783
19734
33619
21542
 5860
-39442
 8433
-20857
-27652
 8285
-23853
40606
-34570
10209
10074
-44135
 5567
27650
-10128
12552
-6404
-34880
-14309
 3750
 6849
-3284
17131
-6486
28175
-2726
 -581
17914
-16148
26093
 -319
-1701
-15415
30327
-12921
-29379
-1828
-16546
-30003
22843
-15981
53469
40105
15346
-13465
-13863
 5609
-16852
-2839
40377
13374
-10744
 3665
 9800
 4907
32631
16690
  659
-34842
 6567
-37830
-5256
-4125
    0
 -340
-8127
-31175
 9342
-9058
 7889
21064
 -564
-32205
 8536
-27146
13363
 3125
32456
-30477
-15889
-8343
15814
 8615
19161
19961
-18454
-35242
 -376
30869
-51621
-33799
 9498
-22903
25031
-15775
15501
  906
26155
-45913
-4718
-12184
-12680
-7798
-9948
-38371
-14532
-21416
 3583
18596
25864
37168
35071
55628
16897
28668
60599
35638
 -281
-12939
-22220
-22446
 2075
-10425
46122
 8938
-11444
20819
-17139
41519
-11898
  166
 2763
-2631
  906
-21832
-25724
21449
 -754
-8882
 5451
 6574
-13243
37315
-28962
15823
16840
-20660
-31621
-19178
-49052
 4449
-38987
-16545
-3348
-6494
 3462
-36645
-29754
 7125
-8371
-17299
-22484
16780
-19929
16063
  768
-4770
16591
 5064
13941
-43332
53716
29733
20444
30385
-9303
 5541
-13637
30482
18944
 8520
-4066
12313
-35209
-6441
-12222
17803
 4777
 5724
 9718
  -57
25058
31927
-21233
-48550
-26217
 -783
-34881
51161
17194
13569
25728
31199
31561
  246
-30657
30173
-31202
-19918
14395
14032
-15029
-23752
-37998
-17034
-32333
-2999
-23136
17200
27201
 4527
-26626
 6780
11133
27623
-4610
33634
-4530
38131
-51341
14597
31498
-12722
-27235
11274
 1891
-47905
-10857
-31447
-44551
-38564
-30531
15927
39307
 9287
25590
35855
-15671
 1345
-5191
-33571
-31290
13541
-13432
-9813
 9491
-40951
-36651
23293
-11734
-9781
25058
-18327
-15919
16295
-3022
-12237
29258
 6318
35860
23964
 1027
17228
25839
-20140
13989
 3933
-8506
-2895
-1934
18497
-36401
-17703
-22018
-4929
  508
-11752
-9048
40230
 1067
43627
14144
-42236
-4892
14762
-27407
-57501
-45519
-7091
-36693
-21039
 7595
-29562
-18990
-9730
21482
-28128
 8853
27275
 5939
 7529
21976
 -956
10504
 2201
-34038
-24470
 4427
-13158
20494
24813
45164
12619
10291
33828
 6203
-8736
-6926
-8149
11626
  826
 4410
32486
30366
-9126
-2464
20200
38701
 -123
-28377
25997
21975
 4810
  408
  -23
-14057
 5901
-1659
 3783
34029
 6687
 -199
-6328
29018
-3804
-18082
27527
-19485
-47128
 3814
-17016
29345
-14124
-5976
60958
 3652
-12791
-19407
-2275
-29518
-3858
-18811
-7122
-35535
-4382
46664
 3867
43818
20463
21272
35263
 6180
-11354
15214
-38603
25782
-8081
18910
-1633
15405
-10630
 4776
-18129
-2786
-12014
-9536
-20552
-25061
-31145
73720
-4157
-32652
31355
-4427
15457
24892
28508
-20778
32103
19969
30017
21445
-7041
-26381
-29113
-34623
11526
-24611
-29886
-33226
20702
-9169
32753
22916
29059
-24381
-1834
30260
-23395
 1299
-1313
 7224
-61707
-3277
 7480
-14430
-32528
23890
-30765
21362
26034
43656
-17914
-16967
-44790
-23043
-17074
29091
-2163
-46436
-45314
-18036
-26346
-14762
 6141
25646
-1943
-2451
-18171
-3844
 -440
-32359
 8537
29481
-9472
22464
 6689
11939
15307
-29130
-21139
 6692
 5365
-37935
-3032
-47443
-30357
 5471
-24943
-7609
-5460
 3165
52173
-23352
38574
-25308
-7752
-33345
21085
-5498
39070
-9413
-7352
39415
-14113
10694
-16855
39829
-37249
-37840
-24430
15155
-33156
-19158
23672
-35207
-30521
18567
-40801
-12258
 7438
-35994
23361
-35440
  980
-23473
-16301
35608
11872
-30754
 3390
 4576
25225
-4181
-28621
15880
-9732
22906
 4917
 5985
-7485
13997
31832
 8361
 4862
-12605
20615
16068
30667
30430
-5410
-22049
 9012
17341
15518
 5923
16498
-9324
29264
16439
-3702
33733
-1106
13231
-31106
-2273
38496
25203
-9250
26189
61358
41496
-21292
24819
-38226
-1029
10913
13536
-2383
21156
42049
-15610
 4165
11189
22217
-10537
53794
36803
38191
-14902
-35920
22183
-19603
-41293
-21743
-13478
-5306
-47183
-7546
-4078
  -71
21448
-28709
48809
-32266
42256
 1662
 7876
41921
-7819
 6628
22837
47127
34744
60168
-7010
15943
 7279
 7080
-4983
62874
27744
-14641
13630
-36334
 1919
12941
  235
-27304
25857
-7588
-15212
10716
24053
19273
-24677
13317
-7517
-54477
30040
-12925
-18776
27186
-4079
-4866
-26266
40853
 6061
 6552
14176
24075
-36534
29766
 3867
 4066
-27218
-8737
10976
22726
-28702
-24569
 2576
-7970
 3747
-21128
-31311
-63611
-17851
-21988
-15835
-20856
-47306
-4804
10731
51963
18062
18281
-36342
-27374
 -148
-40382
-9994
15017
  929
-16613
-13300
 6478
-51079
13662
-12555
-10512
-10570
40272
 4278
-6970
-24683
-4212
-1179
-2868
18403
-1235
28259
 6977
-24715
-4847
-19963
-11794
-28904
-3646
 7889
18686
12090
14805
33673
 6962
-51814
-8183
-3123
-22680
-15119
-6675
45832
 7230
24190
 -289
12885
 1425
11435
-24086
-8362
 4251
-15320
-1123
-16871
-16912
20546
17386
 3981
-2700
-1416
-35899
-30093
20764
10004
-14047
-36802
-19371
  423
-4725
44620
 7134
 -438
38789
-39777
-12747
-21151
 7763
-12804
56963
12823
-7084
13947
30764
-8506
-3617
 1504
-9826
-27590
54044
-15187
 1471
21803
39682
 3628
18406
-17974
-3792
13178
-16224
12866
19105
-17829
 8567
-33232
-10802
13092
32200
-19218
25492
 -603
50022
22224
19926
30139
 3570
21667
-5494
 5884
 5673
-43079
 5119
-31917
-1533
-25869
 2919
 6827
-17578
16122
-5819
16549
56151
-7175
28083
-17101
-8423
 2213
-15858
-44940
-10241
-17478
-8426
-26852
-15748
 5088
12647
23591
-19538
-18889
-19984
48362
  743
19500
-18244
19181
-7839
  994
26114
-23165
-35311
 8948
20873
-5237
27164
19932
 4756
12477
-4706
-17441
22789
-13085
  -81
-19136
58770
 2579
27082
12969
 7807
32908
 3601
 8425
19675
30710
11082
10574
-28689
-1944
-10934
-18487
 1227
34247
-31530
-17992
-20390
-23160
-37336
 8665
-48510
12998
14539
-14466
 8952
-19611
-29150
 5721
-17558
11880
28684
-11824
57510
-15812
-11971
14756
 4100
 -928
13331
-31286
 3426
-16627
-7003
20474
 9861
-2582
 8600
-7887
-2388
38263
-3976
 3161
20645
-3722
25192
 1707
34609
-64570
-24312
  777
30747
-17745
58677
 1188
12027
-17244
 7012
17186
-11087
-11171
-12237
12387
51335
18078
31207
63463
-17527
24461
-37147
 -420
-47991
-12304
-26997
-14795
13777
23112
-6113
29609
40005
20450
48806
-6307
-21860
-34301
 6229
-32686
-26594
-39034
-4470
15208
 -801
-12052
42969
-10633
15281
-20454
11584
-12994
-43033
-25870
  965
-42184
-39861
 6936
24385
-13102
-33704
-24977
-47580
-16655
-77933
-1026
-4409
11144
-27739
-9833
-54305
30100
-18016
14333
-20348
-28920
-6425
23192
 2122
24663
-27000
-3076
-18475
20167
 -700
39291
43892
21156
-7332
 -295
-17855
23909
20531
15963
-7616
33990
21551
22421
15762
12287
-65823
-21654
22640
-26440
13930
-2502
-21251
14084
12381
-12923
 6340
-13504
-20367
-8654
-15220
 1528
-18863
-24581
 3781
-2771
15778
-29696
33841
26229
-23431
51845
34391
20323
19402
-21842
-12580
-35905
-3316
-1297
29921
19787
-14075
36902
-42106
-11702
23410
11981
11199
-24805
-15088
-1127
-31334
-18599
-34059
  428
-34767
17034
19217
12999
23828
32291
-11988
-9376
-17645
 8075
10242
 5425
-18829
-7648
-13334
-10479
 4062
-18734
-18865
-20782
-6288
-21719
 2890
 3866
-16988
 6208
34113
70078
10892
17414
52271
14403
-9585
13953
-27008
39521
-5788
18787
44097
11131
-15690
-44060
-16962
-20352
-1696
30266
-2076
 4225
 3243
-2759
-1527
-51283
 6674
12002
38460
23321
 8187
 3578
-14137
-33222
-28781
-1448
34672
-8755
21254
 4853
-63535
-2191
-15741
11017
  989
15897
-7241
-21745
 4556
19799
 1399
-36640
12278
26845
10615
27687
-25582
18111
 2467
-15898
-13874
 2944
17518
 2726
  428
-8667
-31984
23465
-4962
 6230
28575
13685
-30116
-8982
-46289
-26211
-29704
17049
-10854
 1484
-11486
 7839
-63998
-20143
 3869
 3200
21484
-7252
-12968
 5971
-2264
-37929
-12371
-57347
-29204
 -418
12917
-9150
29937
 9695
-7886
42452
 1307
-19773
12808
31714
-12262
 9303
-19193
-25532
42709
11407
14547
31531
61467
21743
16069
29164
 3888
44909
 5867
21640
-5385
 9001
-16824
-25658
-29515
 5006
-8034
-29729
-8277
26024
-35821
 6556
-28082
24253
26313
-1808
38307
55217
31313
 7590
-1514
-18257
25699
-44646
-48406
-10495
 4186
-14807
20026
-57022
 6501
-34174
-2964
 7327
16873
16376
12811
39190
-6987
46809
-8394
-31180
28660
-15453
-19200
 3757
 7348
 8644
13687
-12176
-16049
-32225
-14515
26470
-40514
-15203
 -606
  497
-1156
35068
 8686
 6413
37112
18010
24662
 -661
-1730
 4474
21667
26728
 2097
-1201
-20222
-33489
-5924
-16133
10480
34129
-2689
-30790
-3675
-9414
 4586
40493
21560
42193
11674
-25054
39746
36993
23209
-1238
19148
11630
23726
29010
 9239
-5330
-14573
-16240
20957
-5072
51750
  130
-39367
-4243
-7817
-32205
-9118
-7562
-10066
-3489
-5453
-28117
21096
-39279
-26977
 1778
19224
-10714
 4575
12691
-28691
 6429
23119
25078
-7240
15472
11110
-19362
-20163
37245
-22304
-17800
-3489
-8083
49779
12275
-14206
-11675
-22609
-26945
-11972
-2428
-8750
 7963
 2477
25323
-1457
-11905
33722
 3519
34070
-11029
10452
16551
14554
-17141
-9240
-24505
-1311
-40155
-17366
 5805
-14751
 4881
51948
-19788
47066
24358
17124
-10608
28925
-8904
 -678
12299
-3380
-24113
34392
20276
 8474
-10363
30205
-8989
-37408
12880
-65436
-19140
-1399
-23037
15257
-16219
-18967
-8400
-5738
-8037
-25868
29222
22145
24313
-4943
19238
 7096
26600
25234
18713
-1397
-9721
-6163
-58708
10194
32793
-18399
-39711
-21518
-4095
-27155
-14320
 8612
28172
-32115
-18181
-19898
23449
-20160
-22968
-31957
-24089
 9612
 2908
-10957
26384
33998
-1885
-3911
28948
-15905
-1034
-26273
30929
 4086
17776
-44315
 1866
-18415
-38156
37735
 -389
-57822
 -810
 3256
-45277
-4054
-18671
29276
31245
-3402
56975
19743
-15898
16198
-16261
19081
 1997
10746
-6355
-22376
32851
15630
 4227
-44259
31876
-5942
-48686
-5580
-6105
-35149
29048
11317
  564
-24574
20368
-3080
-30676
15210
20643
 5755
57154
15924
 3854
-59686
-42472
-34017
-20740
-1539
17227
53776
-17080
-5195
-18669
-25230
-25089
 5102
28328
23997
-13448
 4007
-10181
33942
-26047
13908
25201
 6580
16837
-17550
11121
-23845
21233
 -513
34258
47675
-22329
10873
12972
-7800
-23330
26867
-49313
 9415
 1757
22188
12217
-17778
28060
-9278
25661
 1448
25185
 7579
-30073
 -124
-5320
-38599
-39890
-14538
 3074
-1685
-39671
 1243
45780
13101
27608
 2262
-21191
30985
-46671
13245
-11185
 2108
-52102
20002
22165
26947
21948
-9160
 6791
-19628
19955
36029
35085
25394
-5013
37504
 2761
-19781
43337
38599
28330
 9423
-10533
24217
19201
 1297
 9809
29678
20487
11293
-9328
-7649
47459
 5225
20529
  105
 4014
13931
-37723
23428
12520
-2479
 4094
44852
-1129
 2583
-20732
15809
15329
-13634
41470
19000
27593
-44576
-10654
-23848
-53479
32697
13306
24813
 6156
 4731
-19518
13430
-25232
 3395
-19813
11522
18968
 8946
-9211
-23686
-12118
-22463
-20207
-2516
-13178
10791
-27207
 9319
24442
32436
22301
31199
20995
36556
-5305
 4121
-6430
27429
 5097
11306
-5220
-4516
-29572
 3842
-60979
-24606
26425
-58788
-17367
-81739
  338
-7385
15653
  942
-21154
14101
 7619
15950
74822
-11271
-11503
17556
-23933
 2528
-22096
-18007
 7372
36985
-16417
24845
-2229
32375
-3350
31866
-35107
34610
-26428
-3240
-25478
-1243
39504
19226
 8634
 -283
-35550
 8608
  126
-5031
-9406
-1193
-9378
-32406
-25493
-25030
21465
43391
-1595
32912
-1602
29862
20552
-21042
-51359
-41488
18525
 7360
29081
 9391
-22949
-36443
-13164
-8123
-43843
-20457
-30015
-37797
-36026
-44306
-4059
-18223
-6817
10246
-30179
-36147
-7334
-7030
34632
22543
34224
35410
-22068
-28170
29138
17180
15289
 8402
32601
 5523
-9072
 8839
-22357
19365
44394
-12533
10258
12901
47385
-3633
  849
-2338
 2480
 3285
-61274
-29214
-37313
 -176
-20689
-52456
-37742
  -75
-31584
13349
-11265
12527
-49794
45362
 4182
10248
57359
-10283
-6327
-15914
-13108
14669
28187
17782
-11972
-16258
-19480
-18454
 5770
-1957
-54082
 3513
 5397
26358
-23570
-6955
 7034
34826
27710
-31122
 4025
-34613
-23685
-27628
19569
31061
 9983
14709
29662
28908
45162
-41842
-8118
-37382
-3843
23393
-17324
 4548
-9385
-19479
46334
-2841
-46216
10140
 6349
36152
 5430
-5751
 2976
20409
-30680
-42257
-54263
-1689
-14233
44192
10242
40082
-33394
17564
-19610
-5053
-12652
 8934
47687
48723
18320
 9144
32743
17432
50605
 8686
 -640
19531
-2676
42564
23829
-3162
42768
 8505
-43418
-25856
 6166
 9547
12507
-15538
27139
-32395
  488
 4764
 4186
-8199
24933
29360
19985
-12816
11800
26121
 4392
-54352
 -942
-1085
-21103
10490
35998
58744
 7817
-37672
 -813
 9303
-17405
 -553
-36835
 8730
-22575
-2234
-5226
-21018
-29812
-12922
-23570
-47598
31259
11903
-9329
-7840
-36472
 2350
36340
52811
22734
 3906
-5748
33118
-14612
 6675
-19495
-2410
17463
12788
21110
-10741
29927
-9701
24416
-2462
17848
-20444
29323
-59309
15757
-54324
  306
-28695
-4109
 4267
16937
28257
14232
 1862
16821
25905
-7763
30900
-32436
17969
 1118
20288
-36859
-5756
14616
 8749
54857
10826
10986
-22410
17917
-12624
 5788
 2910
 1239
34533
25638
 6956
-3051
-24022
-14473
-7354
-29055
 2590
-23296
-26460
-45009
 1629
-9765
 3454
34389
-5895
27744
-6510
 7090
-3084
-47420
-20386
-39646
21168
-42277
-9416
 3316
-20358
-11175
-33834
20658
-18315
38767
 8305
-2070
-16895
-4908
-24343
-52725
-19176
-64725
-8130
-3629
-22341
-5979
-13002
 3229
 -457
-7846
19758
45874
-11907
-7538
 8824
 9701
-5394
41381
-22028
30561
-20151
 1646
 6178
28546
-3162
-45768
-32161
11029
10623
 2279
41201
-3458
-24131
-1650
-10947
-45648
-9793
13344
-33333
21151
-5875
 4796
23172
 -598
-5503
-29086
 4592
-79223
-4444
-6969
-5131
11827
13497
-18236
23359
17315
-32271
-37817
-1816
-22295
30338
-14646
52441
53047
-24120
39821
-20459
12750
28661
-5578
-47891
20152
 4687
33321
 5846
29997
-52352
-35322
-14723
 2306
 3187
15704
 3941
-14490
10926
19757
-27505
-22562
-31961
10548
28610
-31332
42995
15646
-20456
 2101
-32092
-46037
15842
-36399
-19282
-20181
18209
-16895
15813
-4212
50884
 -960
 8042
 9199
 4857
 1865
 6145
-3210
42156
32362
33881
-7106
15996
  469
25445
25162
-8407
-6849
-4497
51126
-11683
 8433
11084
17509
41521
 3409
 3920
  136
 6442
-14343
-36278
18002
 4248
11048
-17026
33537
17550
 1127
37283
-16489
-26545
40967
26449
21886
10523
-43987
-6777
-25764
-31408
-53731
21088
29048
29419
16364
-2264
-7845
-9407
21156
-32353
24194
 5979
12779
21622
-11812
19561
 6025
-20488
-11402
-10785
  -14
45292
-24736
 2702
10665
55877
38426
30622
-24845
 3237
 2230
16368
-27221
-2665
 3760
-51860
22046
-54073
16887
12975
14105
-2484
29040
-13499
-24120
 7692
-15853
-4794
-23423
23611
-14684
 9759
30415
-52662
-15121
-26952
-18928
  955
-5738
41972
-2163
11000
-15049
-5330
-1145
16544
30167
15712
-22562
 6821
21359
 8480
25819
-6550
32350
12237
12828
-5348
18621
-34245
20878
44343
32095
  940
-26668
-26819
-17729
-21842
-27633
-44320
-9418
12870
 5700
-21339
-14757
-43577
 5195
-13279
-9854
-17975
 9752
 8826
36587
-5050
50131
-8426
-5578
15361
-13738
-16716
   89
-6539
10552
-29491
19200
21987
20491
-14130
21062
-38564
 -118
34316
-1772
-11606
23016
48187
-20947
 9997
19807
-24523
-28875
  -52
-30174
45834
-4356
-41736
-3520
-25963
  397
-17162
-13263
16911
30400
26370
-20553
-17000
 -375
-21292
31602
-22885
-55873
-25926
 4481
-5283
 5129
-5926
42308
 1328
-29814
 4048
24083
 3407
  607
 2277
 8543
-22784
32997
-10565
 -299
13210
  632
-14928
21904
-1048
29563
17459
26627
-14762
55198
 3374
 -816
20130
-12514
-16335
15831
 3256
-6454
-5032
 1293
-1969
-20451
35523
-10772
28673
-11552
29791
37152
34454
 7432
-39022
24723
  470
12193
16804
19547
-44790
-1996
-13013
31140
14739
16231
 1016
-10294
33368
-16289
-8872
-13431
-5720
-31638
41545
 9092
-28837
-29855
-19041
31037
-23148
 2450
-9315
-21981
-8797
-41930
-18319
-1389
32583
-11156
-45182
 1962
22724
34879
-38339
-44636
-14603
 4163
-10947
 2878
-9306
41976
48015
-23584
-20853
-23676
 6199
-2069
-26595
 -760
-3694
 6118
 1907
-26099
30156
38481
-26846
33804
36476
 4870
-1957
-73778
-3739
 1223
-9851
20092
-38453
-10677
  520
51473
 7596
 7088
-29748
 6675
-2100
-27988
-51387
-3607
-27998
-35581
-1428
-16816
-2484
-7227
-14888
 3095
38720
11519
-18714
-21835
11256
-14113
16734
12651
 9892
-24358
-15970
-45499
 1191
 7793
21139
-6595
52249
-3221
 5344
 7333
 3746
-19928
 5970
-15426
35237
-16435
 7398
17670
20194
-13413
-25840
-14096
-20074
13770
-77776
 -158
-57062
-44498
-1607
23841
 7793
-3951
-5169
-42535
-22374
-2883
-17764
19100
-8958
11051
-13769
-18463
-49012
 1252
-24579
28931
17583
-29248
19244
-44632
-20149
-15669
53360
-25665
31429
14482
-35176
15646
10934
 9679
11013
-40799
-25983
37573
21666
-16456
11432
-13501
-9952
-33206
 3994
   18
28545
17292
12188
12245
 3436
-24542
-28127
-25646
-46070
 4011
26030
-19881
24888
-2692
-18831
26492
-23242
28356
18322
 6734
 5348
10871
28034
12780
30568
 4922
 1986
-21048
-8488
 2788
-1360
-9906
29816
-1519
-7557
20758
25814
-13006
 2936
-9978
47767
-5961
-4719
-58297
26269
-25298
  348
12693
55549
-14621
22454
22113
36141
 1125
41585
10399
38266
 5718
-5864
 -106
-13563
 7168
-1386
22344
 -294
-16054
-18845
36463
-15127
14102
-6687
14675
 7421
 1039
24680
-3463
23610
24665
 9993
42102
16559
  413
63085
-12019
 6214
-11617
 8632
38599
10932
32117
-24688
-3980
-25883
-6492
35796
42363
46761
 9170
-24759
 6226
22015
30055
65604
-25534
19074
-17480
23910
  -52
-27583
 6413
16973
-23744
 -805
33664
52917
-11143
-9045
19705
34487
46777
12138
 -636
14194
-25156
-3921
-24811
-22493
-48848
12833
-57694
30491
-1109
49235
 8624
-2147
-9548
42602
-12006
-11472
  359
 -471
-22067
-13054
-49869
24940
-16334
14658
-19410
-23083
-6150
 7231
-13549
20490
-15728
14710
-2130
 3395
-12886
42667
-30658
43864
 6351
 1204
-20345
-11729
-8082
-2966
-13864
-4946
-24676
-4640
10169
-16072
-2187
25164
-24724
-44899
-30821
-26964
-21238
-25432
-50495
-46368
-53481
-24500
-12876
 1150
38243
 5821
17606
22424
 5601
-21766
-6142
-58272
12056
 2419
-3723
 9743
-5622
-30633
-56899
-7718
-9016
-59360
-6065
-15825
-19608
21343
-21595
50201
-41106
-28328
 2756
-30537
 9628
-14661
24524
-34532
-37971
-24181
-16154
-14890
40121
-56839
-15487
15040
-12262
 2877
47545
-39166
  533
 7805
-23140
-15779
-2670
17213
14251
-18808
-26659
-12615
12306
-18858
-13788
21987
13129
34014
12825
-11961
-10993
49012
-1343
16689
36310
22125
21488
13067
-13373
 4044
39763
 1016
26956
 8326
 6822
37276
  698
 8951
42549
 9688
-3215
28967
-11840
20508
 5236
49881
14285
-36331
-21872
27540
-33602
-9228
 1574
 6292
-1264
 4976
-13364
31451
10411
16962
23998
14272
26923
 8334
33474
-12120
31388
33965
28840
-33230
17534
22977
-1986
  619
 8902
48403
27324
34516
 1226
  690
31917
22594
-8987
-15820
-71942
  322
-9026
24003
 9516
20928
14847
 7033
-19670
-30112
-14687
-31136
15791
12866
49423
46358
12336
-27332
21290
-10259
 2807
-10119
-6986
 9275
11683
-27359
-1328
 8856
-9146
-3419
38639
-14761
 8162
-23189
-33114
-28265
-33997
16302
12914
-7997
-41226
-6247
 1248
-10564
-9611
  902
43506
-30989
-9106
 -758
10879
36220
12826
-5087
 1379
31416
-24267
-46733
-26283
-19915
 6128
-7839
-12774
-21870
   53
-30413
28386
-11264
14390
15075
-17893
-10751
32323
28292
-10969
-51497
-29420
-8989
 7364
-16170
47701
12882
-31829
50412
-26575
-5399
 8889
 5453
14622
-39976
-28105
12946
23103
-12671
40117
-40747
28265
 6022
-22755
-21049
-12588
-12142
-31082
-39455
-3545
-27509
25148
 2809
-10035
20363
-5737
-49617
-9349
14810
37819
-30714
-12663
-24858
-14860
17171
-1509
 7561
14931
57837
38327
-15333
-3996
-8609
-14574
-21246
-35581
-24845
38655
11644
13395
-15619
 2072
-19376
-21849
 6400
-2810
27880
-2238
20686
-38025
17670
13725
 2189
-24638
 1058
-17025
-1811
-25848
35986
-4738
30817
 1848
29742
-21522
 6022
-3597
 4786
11966
15621
22858
18375
-9511
 8688
-19911
29837
36925
47437
27315
31456
-21653
-32640
-6118
-5657
22303
-4904
10097
25001
 7157
38069
-19929
 5903
53161
  909
-21700
27507
-39286
-2128
-32013
-21298
-23647
 9052
-31331
-13309
 -349
14150
 7724
 5900
-31304
-9239
 5244
-18283
18293
-17627
-2980
-10739
-11156
-4435
-48674
 5950
37934
-3225
-29060
-8958
-12778
11541
 5283
 7623
 8403
 3195
  359
-11184
-24618
20966
43538
11393
-7743
39818
-26481
11414
-51099
14160
16313
-16115
 6518
 4433
 1198
-19693
18080
30792
-13103
44790
18521
-20071
-12880
 7341
-17947
-20241
 9041
37006
 4564
15071
-9440
-12817
-9422
-28366
22657
-10831
 3483
30051
-24191
-6345
-30701
17935
24675
14638
-11084
29527
 -128
-46272
-13590
 1555
22054
-16074
-32995
-16429
-41518
-3102
-21113
-1974
46013
21334
42431
-2499
 1476
-24869
-15700
41456
-19644
-24348
-68529
-45806
-27455
-17549
-28771
-34620
 -214
  755
-9412
17963
-18001
44736
-56257
-4046
16398
24751
26512
 9613
-9930
-16668
-24409
39915
31554
-4838
22992
20758
-21915
-14147
-10559
-32183
-14901
44713
34854
16571
-27262
10502
-21200
-37467
40780
-24375
-36093
37681
-10982
42085
-17520
-20209
 -569
-15664
17289
23553
-25002
15528
-18877
-64258
-19325
-21247
37495
-25574
 2656
12431
-6874
 4004
-15369
 5978
-19112
 4860
-33210
-7855
-1178
-26945
 5531
22313
 4852
-29120
67980
-20003
 6408
-3953
 2409
-23011
-1989
33354
21755
-16800
17527
 1109
 5640
37741
 7973
 9418
30432
-6333
  172
34465
40165
30133
28357
-15324
 6253
-39214
-6964
-48497
12261
14539
30598
10169
23121
-21259
33503
10364
36989
  886
-3235
-21744
-16222
19310
28846
-10564
29498
18553
-44636
-3028
-5787
-34000
38154
18596
 5240
-3032
-10684
26715
21390
26607
-9167
27162
-1403
-13372
42745
-3466
26430
-57953
-19781
-31349
 2464
-26597
14152
-27179
  742
19432
-31785
33626
-13297
28310
-15460
23115
24397
-8390
-37949
-10585
-5465
-15465
-3307
23092
 4547
-9179
14533
-18084
 2023
-26686
 4862
 7074
22187
-7446
-1870
13165
21736
 -407
14709
19385
 -123
15044
  633
 2062
-36575
-43189
-26625
19168
-7401
13519
-32061
-32140
-22897
17027
-8268
 8548
-13800
20121
-1824
-1930
10352
-45127
-17040
-29985
-36365
30698
14274
-51909
-15987
-16058
-8581
-38906
-18186
-40058
-26102
-35531
-24040
17222
-35131
-13963
-2845
-25509
-31962
-10279
-32421
20941
21887
-5436
21289
-9177
-21595
-39150
-31414
-15353
-10441
-38269
-20305
-7530
18392
-1689
  165
21953
-12135
-27422
-29839
 3767
13509
14542
14011
-20969
-11194
-40717
13664
15996
29148
 5249
-19335
 6573
 4956
38422
 5416
-30410
 3095
-56384
-19800
-4605
14220
-7041
 6722
-3404
 7962
-7337
-4998
25670
-12606
 -515
-32597
-10223
-11186
10343
-21262
15311
39792
19144
-21480
-11618
 2150
-5004
 3024
13395
-5444
-16874
48828
-16480
15029
30426
-32878
 7130
19390
19895
-7935
-10859
12543
-38875
33063
-33491
-29642
20783
-17049
49494
-3701
17850
-12274
47908
 9498
-6358
29012
 -191
22302
50070
18036
 5437
34795
-17417
-4934
51845
14518
20570
-2205
 6889
-8410
-21913
16810
 -151
-32049
41544
-3247
11262
 6027
-14003
-19237
 5790
-2281
-6335
-3912
10456
14437
54903
-18476
14044
  918
12186
 4998
53233
34367
17570
 3583
-9849
 7307
28857
44917
63828
-26158
 9346
 6077
-2542
15609
 -148
-10208
32511
24490
 8691
12243
13424
28307
29940
30112
 3385
 5827
-10352
-30343
12332
-46747
27802
-42027
28505
-12886
 7803
-18551
10066
 7666
-8336
14516
-11580
-5088
 9257
-4432
-15798
-18232
-32152
-11912
14279
-25418
-19448
-32219
19093
-28842
  363
37311
35258
18994
-2952
16393
-19647
 3885
-8170
-25121
-33399
11205
-12341
-9354
13339
-21869
-16962
-11627
32196
-3037
-27593
 7618
 5692
13409
-22857
-32483
-5728
-3140
23205
24610
-11824
-28812
-19357
-60008
-48354
-16604
-55809
-21250
-16706
 8194
22385
-51915
-37857
-24557
-37004
-9053
-56127
 2255
-6184
-3652
-24381
-1342
-1858
20091
31162
22012
32302
22606
 7121
70408
32292
 8354
21065
-9849
-11381
-23684
 6815
-5028
23716
19315
 4489
 6625
-18563
-26402
-54533
20886
-21550
11673
-18825
-2057
13974
-10862
 8520
-2837
20915
-16351
-17894
-40941
-34010
12857
-22191
-10309
-57023
-30609
 6823
-4361
-9402
20522
  816
-8183
-14304
18545
55629
20125
33146
16237
45578
 3500
32864
-13071
13874
-8956
 4216
-5131
-16228
25708
14721
22919
-39288
17322
20106
 -818
27658
-16852
22148
-6182
-39625
-20793
10111
-50120
-4376
-2976
-65334
11162
-26230
17615
 2222
48252
-43122
-3404
   58
 4467
-74947
-7695
14568
-21308
-15209
-44696
 1057
34250
-29669
24967
-19310
22210
18941
36803
39882
 9306
 -257
-13303
42427
50368
28734
11421
42536
26549
-17058
 1840
 -905
40523
37936
33756
17491
-3525
23668
33230
-9795
57324
-17974
23480
-8489
-32433
-58072
-26159
-9937
-4743
-17618
-11861
40217
50246
 8797
  293
11517
 5980
-20362
 7630
-26666
-23176
10682
-12717
18040
16482
13039
41220
32224
-17285
 6914
-80060
 9151
-16088
-8407
38139
21611
19298
-25733
26557
-3466
-32699
-40540
22516
 1952
25567
-30312
13283
-30301
22257
-32534
-17881
-8722
 7964
10624
-18867
-17157
-18760
53484
   85
 6200
30693
-13029
11306
-33980
37782
 8989
-8203
-26022
14872
30777
-35009
10182
35928
-21439
-2906
 3582
 6941
-24202
 7459
12220
19338
10557
10048
-5703
18520
-10285
   93
-15071
-10748
62602
 3323
  -37
-2870
21779
 1023
-7608
-1584
17495
45433
 7026
24666
 -391
-30381
 3818
-7692
-11939
-13325
-22797
-17511
-7777
-2312
-7138
15440
-47354
-4883
28345
23246
20136
 3073
 5384
19486
26725
-2373
28366
28927
-11312
 5596
-11275
-42509
18757
32161
23921
14730
16998
-17260
-45215
-51744
-14581
10002
-9186
-10956
13342
-17767
28850
-9098
-21806
-15798
13730
12130
42337
-29571
-30077
-3474
 8073
-7989
10215
17286
13221
 9630
43602
 1794
 9080
-4866
-29940
33183
 4739
17547
-16408
-17363
-46167
21753
-25060
-34372
18116
51407
-9748
-31607
-6971
-23906
-13380
-6574
-52158
-1978
 5328
18497
-46145
20419
-3893
13712
 8918
  -88
14063
 9929
13541
22694
14400
23811
 6483
15311
14444
 3601
-9509
-27037
17177
-33992
-15013
40801
-11623
 4806
30035
-19052
20499
-7580
 2606
-27002
-9321
-12938
41685
14850
26156
 5783
-6527
 8558
-7926
-22787
-4424
-16641
-6211
-30424
-44291
-2338
-9920
73769
 3391
-2271
 -727
-5318
 8208
26284
-29670
  775
 1733
18990
-4773
-12980
11141
-35645
-21785
-51492
-4182
-28668
10762
-23684
-13295
-36442
-2632
 1826
32451
16593
16329
47268
 4649
 6064
-12219
-1133
-21935
 4977
-25360
-34811
-18700
16765
37476
-5284
15426
 3359
-13805
-3226
-12124
10353
-29904
-33799
 4239
-4645
-16903
-6562
 5236
-36636
22017
32860
-5040
19949
15606
-1938
 9802
-39579
 4783
16748
67831
-18764
19390
27755
 5910
-28960
 -185
11925
 5786
16765
-45904
-33418
 3689
 1876
-33067
29564
-3710
-16363
-14016
-31742
23792
50928
-32906
-46623
-9567
-20763
10191
-2776
36505
-11642
-1629
-2098
-16723
-24167
23745
42410
39116
 9358
-32265
25345
-22918
47683
38602
-14171
-5404
-35986
-21051
-30281
-38739
-8332
-4726
-9688
 9367
-41095
-37105
15258
17120
-2414
 7143
-42940
-3625
 5044
 3929
-2218
 8196
-41619
29104
-9903
42163
-17265
13469
-41964
   56
24023
10192
-4815
-14278
14061
26366
 1977
-11076
13296
18493
-2742
10812
-38850
-27950
-62351
-11569
 2301
-25164
 -614
 2035
-24446
26221
31807
-3618
-30603
-29376
31607
-42979
 5982
-3909
 7939
20889
23219
-12918
24736
33008
 9067
16584
17469
-13313
50426
22485
 1507
-22732
-10944
-34607
 6443
 2355
-45608
47982
-25170
-21667
17162
46907
 5713
  345
16356
30122
-20695
 9989
 6667
39530
31441
22249
 4785
17375
-29830
-17043
-17126
28707
 9652
-8681
-28759
13256
12797
 1220
-29014
 6700
-14049
36825
-11351
-16651
 9622
-7656
-30670
47585
-54459
-7110
 6905
-16253
-18506
-20640
-12525
-37121
-45687
-25835
-2239
41425
-1713
21322
12982
15465
 1937
-15170
20200
27920
-11426
21552
-25592
34367
 6438
28402
20132
 8233
32234
15249
25670
58166
-9965
34190
31395
21297
47063
-21664
-8690
-22161
31297
-6387
-39987
32670
-4086
-31499
27173
-30532
15997
-12161
32457
33039
 2485
11721
-16153
-11170
43581
11244
-9729
54013
-25011
  -18
36910
13291
25574
31996
36904
-7478
-24300
-47484
 6478
-28441
-14643
-71147
  529
-7678
-25616
40463
-3846
-16125
 -206
29511
-14796
12066
-19641
-38302
16434
 2655
37197
-2325
42343
-46329
-13819
 6741
-37336
-46554
 -516
 7958
-8167
-45805
-50774
-25065
11282
 6592
-29060
65646
-16161
-15005
-19162
-6216
21980
22429
  246
  645
-20361
48063
-10198
-13739
 5585
-38938
-23611
 5026
13289
-5663
47348
77009
-21677
-2883
22949
13305
-10861
22723
10918
10900
-17886
-33428
-25683
 6840
-31951
51146
37381
11948
-9598
-38294
-10771
-11260
42383
-35082
-2790
-47823
-19487
-6499
-44343
-29463
-13777
-21419
16056
31679
24875
-16901
-14779
-39755
16427
-4872
 3477
 9299
-29092
 6799
 7248
-4631
-19742
-33734
18266
45190
10163
-17605
15627
-16598
  997
52200
-32630
-11341
-8464
-6962
-25608
-25846
-44539
-19600
-13745
11357
-24381
-14699
 4218
12601
32247
-18578
-16446
40272
31740
13666
-6520
-11746
-47986
-30171
21254
-15092
-19896
10290
-19521
23078
42132
-35538
 -574
-21249
 4312
-8363
51028
17433
14076
30960
-6283
-12773
 5458
24231
17686
 7154
11697
11247
36132
-41736
-23528
39305
-2563
28392
12546
 4709
 3993
-14342
-29599
-12218
-19088
26402
29387
 9542
-14984
 6282
-10899
31223
-16709
-15023
-5598
22364
-26392
-26792
-41632
-8348
-55969
-47980
-10062
-34841
29543
15906
16835
15839
 4911
 9220
 7351
-2311
33190
35441
 7032
10394
-26429
20562
 8445
-7257
34662
30419
24909
-36700
-6622
-5590
-5684
-2791
-8939
-2081
-5737
-49158
  169
11727
 5606
 8220
 3492
29602
21839
59792
 8749
14021
-5943
   43
-27260
-27485
-11579
-36510
-13575
30922
 5337
-9959
 -506
38956
 6429
31918
26702
-25604
28173
25474
10924
-6561
10493
10438
27217
-14042
-11555
13386
10564
-20392
10311
50711
32927
-12542
21498
-39733
-9358
-21001
-25283
-22978
 4090
-30926
 6237
10876
-17169
-31671
-9284
   64
12577
-15297
39567
30759
30277
57608
 5496
 -366
10401
-14275
29424
-3504
-9924
-6255
-46012
  360
-19872
-41393
  333
-52804
-2759
-35659
-28580
 2280
-26085
 7553
46088
 5807
-26511
29223
19184
 3040
-7230
16413
 2465
-7009
-14546
  996
23985
32848
 7077
  554
 6089
-11286
 7287
 5275
-55310
 -302
-28639
-28258
-56817
-29746
-24838
-33509
30449
-2924
12627
-25711
-8209
 4362
30160
22414
12002
  857
-43931
-7361
-1847
25406
48218
-6107
33277
-24125
 7575
-21725
-13044
-23966
23412
-3760
 2297
-14579
-29937
11039
-61909
-15642
-14858
-3917
-46437
 6311
 2290
15082
-22070
-20468
10300
23413
29198
-17828
 5614
 8432
-51414
-9658
-68996
-30169
16818
-35902
-6249
-8034
-20542
 3172
-3400
37558
17997
-8988
62716
22386
33021
20629
-6125
-27632
  226
31950
17051
 1855
34928
-47677
 6085
  836
 -307
-10289
-16819
-4784
-21980
-19372
 5438
  658
 2163
21790
34492
-13440
-7225
-37548
-17516
16240
 3916
16343
74065
38786
27261
11389
19501
 9565
-26989
-7952
26999
-12266
-33147
-8600
38996
15326
-7339
-13207
-5648
33044
21368
14633
13597
36523
13455
37060
11601
32180
10958
16087
16236
-15478
33829
11440
 4347
 2592
-10002
46062
-38710
20635
-28907
-26015
-23189
-42981
12126
23213
10928
-22061
-33863
-27480
-24844
16451
-13073
-15873
25728
-17773
42382
-3999
 8493
-35044
-13258
-5689
-11807
-1598
11312
36874
  262
 3296
36578
26718
18082
-17738
20963
-1818
-4003
-13257
-43159
-8632
-30376
-3022
28098
30730
56504
12842
-22750
  -46
29380
11861
11637
-31288
27003
-13089
-1124
-25198
-27325
14823
  210
10093
 9323
61031
-23995
-5415
-3790
 7746
-5912
22297
20791
 7632
-25973
-33421
  883
-44824
-4772
-9045
-53309
-7681
-48866
-28439
-59076
-6595
-12233
 -519
-6971
-2853
-27539
22140
-43873
 -619
13307
-22779
-9534
-24422
-5084
37031
 2017
-14573
47487
-19131
19582
16299
20054
 3872
-17542
-14859
-5146
-10769
-4498
-38419
-16189
-23706
-44283
-17214
-1331
-67680
 5190
-23290
-14310
 8920
  332
26105
-30182
-3352
-23557
58626
  208
11853
18543
 7729
27468
 1158
 3868
-31246
22054
 8313
-17131
 1536
-23390
 6585
-51697
-28285
 7011
-19157
39353
18911
-29833
-1238
-34484
-34170
-13623
-44908
42153
 3010
49853
-14656
-14859
 -874
 8419
-15605
 7792
 3580
30550
32505
27595
-3317
13564
-43141
-46695
-15483
-2877
30327
 6630
15556
 1256
23211
 7748
  139
10209
-22875
-5438
-7312
-3491
17080
-56617
-27701
-28253
35210
-20836
26215
-11008
36036
-15651
 4896
 3078
-14104
10595
-2327
 4090
23984
18610
  822
24069
55827
33516
 2879
-2469
-37888
 1287
 4429
46792
 9318
 4152
14618
-2818
-18134
-19357
20787
31430
-25319
-27124
 2788
 -382
 7544
 -494
-18637
-14054
-30458
-62395
-17003
24796
32962
19717
 5046
-18911
-5080
45535
19653
57178
-12062
-21410
  118
-11075
11548
-17391
-1357
20461
-28537
 9761
-31854
29752
-54615
-6952
-52172
-9761
 5042
-17524
-23961
-32716
16895
 6090
15387
-8448
-19759
24513
46618
26740
 -379
-39815
16636
-1830
 3362
24024
 2680
38072
-1329
17933
-39833
-9183
 -685
12211
-23063
-17910
31892
-13913
 9027
-5561
-19508
-21213
-52870
-18257
17784
 4746
17231
-2441
-30203
-15704
 5044
-18843
18310
-32540
-24816
-19781
15276
 6299
19893
 7528
 3387
 5795
 7674
13260
-34060
-34719
14153
-24305
 3493
-33052
-1740
-46733
-17954
-21803
  432
28450
-22001
-5988
-21138
-27146
 8785
-11435
29050
24682
19546
-2481
16619
-1202
 6514
21813
-6399
   35
49354
10829
 1458
-8204
-17322
 6513
14120
-37048
 9828
18783
-30802
17357
40726
-7645
 8031
-6631
42651
-5661
19629
 -982
31795
-20850
-22400
-11495
 3601
-19722
47073
 5920
48014
14872
26970
 3495
-11101
17899
-28294
27976
16549
32595
23939
 8928
 8436
10567
-2082
-3403
-16071
-3128
-15129
21399
-47181
 1266
-35949
-20671
 2606
 2895
19177
-35138
-29773
25999
 3127
 8754
-17045
-23256
32014
-11869
27519
-4731
 2924
 5907
-45593
21448
28887
10860
-5174
-25259
-20248
32494
-16388
 3640
-15550
-20927
13255
32521
 2139
26764
-50061
 7813
16983
-21404
32187
34936
36073
-30422
-6634
-3612
 8241
 6031
 1262
   -4
 9671
 6930
23864
 -902
15583
31856
-13696
35427
 7260
32911
-3081
17451
16376
46624
-12862
32321
 3690
-12932
-7314
-30266
   18
 2747
54533
-40315
-29610
-16015
13913
-29434
-21947
28306
21362
37378
-18688
-20873
-15906
 2634
 -601
42833
35104
-1848
-22696
18513
-1612
37010
27538
-39984
-26612
-18196
-4781
22209
 6026
 1869
 1533
-21618
19828
18305
 1900
 -970
-6762
-13021
-22702
17256
 9122
-28739
-28163
-45986
-23444
-10515
-24974
49791
-11907
22257
35069
 7906
34636
26360
30853
11944
25729
 6586
-7832
38256
22430
-2758
-11170
-44864
21808
-19605
-33972
-47250
-6923
-2183
-38860
 3735
24153
-2992
-33387
-20353
17208
 9157
-19627
  703
-34181
49336
 9886
42228
47043
-4772
-10336
-11290
37792
-7172
12234
-34423
-4405
-3762
16794
21459
-3121
-9681
-33822
 3135
32742
-7554
-11551
44591
-6659
57504
12363
-10270
-4561
-6585
-35212
-2244
-5484
 5252
  245
-15205
-30731
11826
-28438
12020
15374
 7829
27066
-11048
-52342
-6343
38271
 4766
 5629
59795
40270
43750
-32412
-9113
 4855
23231
-18246
-2471
26314
-29051
-38471
10969
-47065
-37841
-12978
-9252
-20487
-21366
 9294
-31637
-24591
-60431
   60
-22987
-17961
26627
13466
 3383
-22239
-7055
-35828
-20467
-3479
 3501
-11370
 -545
 -188
-19366
 9513
14665
-14549
46571
-1399
40971
-1469
-9568
-16568
-62057
36357
-28798
-49341
-19209
-6219
-15150
-32760
-27727
-32542
-31858
-22842
-34940
10538
18972
 8644
10121
58811
16718
26022
-4408
52053
 5657
-15782
-19823
12746
-1822
27352
-5582
-25713
-24545
-61992
-18511
25241
-30059
 -417
-2248
-6490
59453
-14384
-17043
39652
18169
-20675
20246
25656
-9982
-26741
-5177
-9626
12861
-11040
-35247
-13545
-40777
 9918
-17445
 2798
14220
-29460
 5592
-40309
40459
-31912
-1430
-8109
-7014
-2121
42241
-35181
 4384
-33437
35493
-18055
10327
30703
 7076
-45603
-61969
-8021
-18698
20177
-62159
-16868
-10015
32156
 8630
62227
10113
20469
19234
13946
-20661
42248
35735
-1492
 -119
47071
18857
-2124
43684
 7245
18401
-24985
32363
-12139
-21643
-29249
19653
30997
-20738
23097
-21019
 2625
  494
 2974
 9359
-7185
30085
13273
-35448
-28391
-13650
-3654
-13597
-2075
-6641
-15310
30415
-25485
30820
38694
 9822
18432
10418
35340
50242
-3888
13021
49297
 1018
-9794
-34007
-12411
35592
-15016
10450
 -389
 2091
 5320
23636
-3113
14185
 2288
  841
28765
 9326
-11829
-18037
 1919
-32308
-5299
-29591
25160
 9906
20692
-4681
-2345
-11067
-35722
-16340
-3886
42332
-2633
-42712
-5429
-47521
 3970
-22765
-25244
-35841
-21884
-57837
27552
-27028
 -793
-6146
-26681
-21001
-5444
45915
16134
 9912
 1037
-27516
-29067
-31179
  131
16788
-22396
 6547
-1822
51057
40834
-17649
-8072
 1007
-21740
13692
-21995
 5677
-17225
-18623
-21821
-21559
-4537
 5373
-7413
-23108
-14246
-13622
-45629
12221
-25457
-9193
24480
25086
-8087
35013
-29559
 1666
25121
 -402
-18987
-13380
24218
-13695
-14129
-6585
-29755
25767
-38589
-23427
-21527
 3294
21267
-1713
-4162
22264
 7952
30291
 1602
  -68
11936
-7076
  870
-3863
11231
-39804
 3443
   87
 2279
12071
-15246
-27811
14754
32150
21766
-3809
 4048
31884
-10788
-15638
 3792
25378
-3011
-16173
11812
-15505
-63164
 4574
11509
16681
-13697
15605
72575
-21193
43290
-16612
-44165
-25505
-3367
 1012
23980
37369
-38384
-20880
22008
12171
33136
-6202
14671
32298
10084
27624
12285
18204
 5332
17804
35295
-21993
40776
 4673
-2095
-6503
-10714
-35324
 8535
 5472
 4024
 5208
 9417
-19656
  785
17066
-11375
-59204
-30441
19930
-24546
31164
 4546
 4938
-7347
32518
26251
63781
 6205
-16444
-22884
-4101
-25433
 7770
-25675
36683
 2788
  199
-22922
-2675
19190
 3124
-11762
16586
 7380
-14983
 1560
-38497
 4638
24371
-26811
-15150
 7409
26981
11097
14852
17781
-10729
34014
-17236
-26057
-5231
15881
-37396
 4285
-31872
 5059
-33256
-31236
  910
44342
36685
-4736
37405
31826
 4534
37450
-19966
12851
43854
-21135
-2417
-6729
-1202
46695
-14350
-21177
-8696
-19190
-54484
 6031
-23914
-13226
 9442
35739
23805
-16903
-5703
-19355
 8181
 7654
-2966
 4915
-14661
29257
75179
18740
16555
-24654
-10737
42625
36818
19682
-6656
 3136
-9843
-6831
-30113
-17267
 4119
  865
40865
 2165
 8819
24943
-13489
13755
-58771
 1982
-48351
39969
14420
-8122
-1286
-36585
-14791
23546
 9467
24292
-44333
15090
-3338
-7172
-10010
-13430
-30639
-24480
30313
50646
14300
-40266
-13100
-4958
  112
 2036
-2992
-34015
-31083
-10423
-14694
-1388
 -262
36613
-7813
27650
-3568
27002
-30897
18673
-4675
16067
21129
-9231
-5476
-11649
23792
-2382
-15320
-3852
-12132
21768
-27602
10577
-23834
51296
 7536
23929
-7203
28647
 -544
-3346
-21292
24625
-1920
20238
29006
39692
-12247
-20319
-1167
-6572
-14251
-26071
-16145
22435
49802
19768
-11209
-13293
20067
-18708
11398
-18137
-6361
17688
-15411
-4039
 7336
-11973
-29086
26764
23978
-15649
 4692
11960
23946
-32583
10953
 3574
-28708
-19852
-12448
 5621
11681
16854
-30246
 9832
 8457
-8477
-19413
-23827
-12620
62246
-47031
-6967
-56250
23914
-17802
23506
26104
-3947
27166
28042
 8174
-5218
-7199
-3048
-13079
35459
30379
-2671
-9214
21530
 6564
-1351
48220
 1397
27116
68582
-5008
 5335
15897
-24196
  409
21246
-21025
30186
25446
-33999
-10650
 4666
12367
21279
-27056
20671
 6151
 5045
26991
-3640
-11388
28487
 4117
-14220
-4694
 3329
10579
-6318
66240
53951
-5154
-4547
-20727
27264
-9306
34924
24396
-11506
-27412
11257
-52414
 5284
   41
-30199
-4586
-31089
46364
-15349
-11033
-7124
-27282
 1788
-20625
16570
-34480
-28315
-1290
12384
-7855
25047
-30263
  -23
  215
-21320
-22890
-11134
 6312
-19988
27628
13660
14551
-3349
-22702
41558
-6313
-11319
 4445
20031
-8024
-3642
16066
 4028
39315
-41090
14120
22747
-15024
-14223
-24882
-32488
-37802
 6876
-11552
-23842
21453
-11972
-15525
-4704
12321
18950
-14491
27823
-18311
-13768
-14318
-45217
-22239
-20952
 2268
-22667
 6197
13082
42915
-51253
16465
25173
 1209
 8083
 6526
-26209
-23712
 8545
-39312
-27500
 5925
 8327
-4635
 4601
13784
32654
12598
13876
-32377
-7230
-31979
-10094
11971
23564
-7236
-6401
10898
-3216
14415
-22288
-3745
-32236
19269
-1819
 7627
-7465
11601
-15183
-58511
-25263
-31547
27207
 8164
23623
-30340
-27724
 2316
-1840
-24903
-17463
 5122
 6251
20402
-9724
-25322
-38894
-4996
-38187
23389
57174
 3473
16801
-7736
-28774
-2916
-8362
-6656
37500
-25682
32936
-1076
-5923
-40113
-16321
18398
 6482
-10589
11336
-15600
-62843
11105
-2067
 6000
-4349
-9428
13237
20655
 -526
-23054
16284
 2421
-14518
11114
-7234
21261
-20963
35916
 8736
-13293
37724
54159
20925
 4734
-10781
-30554
 -416
 2417
-7209
 3713
  695
21276
48663
41639
48854
-6067
13921
23223
 4458
-16962
26031
34279
 6539
25003
19794
-5905
-9977
-2226
13157
15821
18806
-9688
-16522
-18584
10157
-12049
-14713
21218
-5006
 8666
-28307
-43782
-23141
 7234
23996
15463
 3879
-10615
-10624
-22762
-1278
-17516
-10388
-15806
13871
57431
-13206
29955
-5749
26662
-5563
 9715
48025
50134
40934
-18157
15339
 5547
-28792
22194
-15638
12646
20116
 6815
-16003
13847
-31835
-15379
 1136
17493
 1499
21522
36307
-11106
 6213
-21650
55433
19138
 4537
28909
16296
 -172
 -509
-1668
 7656
-13018
29714
39589
18848
22219
-66054
-22025
-5713
-33761
-2636
23653
-25670
-13392
-9397
40871
 7473
-32605
-3542
17606
-38314
12573
-18488
 2491
-12570
-1855
 3588
-37421
-1364
-24854
16026
-26533
-11367
-50426
 3319
-11432
 6569
 5884
-32780
24382
 3256
14081
-35892
-52896
-32825
 2380
-10499
-23136
-22287
-6285
-22112
-6763
 3670
 -790
-1888
-13378
-7004
-3749
 2646
10749
18366
 4334
-32549
-24994
-10343
-31412
 5350
-29870
 9885
-2731
24304
 4680
-17863
19606
-14703
-7337
-1987
-49661
 8862
 4660
-23550
 2155
12602
 -657
 7964
13211
-6414
-23075
-27164
-41026
 8475
-21944
-16784
-1083
 1542
-9219
 4243
 7754
18654
22826
-1283
-14126
-33680
-6831
23722
-14207
-26516
14487
-17192
 4036
18494
19691
15273
-7014
19475
48203
-21052
 3036
 3098
-41054
-5263
 9813
34618
21164
-17615
 9894
-49581
-48159
-38535
-13890
14418
 3590
 9331
50411
23480
 -194
31922
28051
-3897
-5095
18695
54882
-9959
19961
-27601
 8541
18430
 4417
 4789
 4577
 8238
-9532
36170
-20833
-18459
 3114
-8774
 8845
-5449
 3980
 3330
12280
-10656
 7478
-25343
   10
-17951
40639
 9588
 9634
22456
-16196
33047
17197
11635
55732
 6787
-17654
 7088
-15676
-37481
 3456
 2148
-14750
-35176
-10367
-1761
-11736
-19849
27149
-26470
27584
33935
-22809
-7510
11145
-21691
13503
 2318
-11796
-43371
 2653
-36281
10635
-43182
11139
28876
-12595
28593
-28592
-29843
-12507
 4530
 2265
 4986
 4625
18946
32856
20280
 6723
-11486
-1916
18054
-31698
-18522
-12181
-13223
 2773
 4443
-15195
18142
42606
21295
-23646
-36692
-25263
-26031
-44666
-38996
-24934
-28725
21062
 1210
-4208
15338
-42569
21666
-11694
 -598
33751
10314
 2560
-15389
  404
-2089
-18809
-21177
-13773
25992
-14252
-5670
17872
 3221
-5655
-25698
12968
-6483
-39200
-21955
-30885
15428
 9305
 2469
 5370
-3786
29386
 3340
55778
-18727
 9355
-17200
 4471
10113
29077
-10038
-6279
18724
-28022
21650
-9730
 1336
 8548
-18087
-23240
-9719
23483
17159
16980
13416
-15221
-27677
-16753
 6787
10786
33188
47055
17777
56837
13169
 5894
-8621
-11155
20927
22085
 8817
42906
-21686
11842
52317
24710
14431
-33517
-31670
-32750
 6573
-4159
-2518
 5494
 -152
46737
17431
 2660
-36923
-12994
 5166
-3184
-18898
  626
 8575
46202
-20704
-26884
-25235
-27032
-40171
 1916
-19813
24577
-1605
17419
-17774
 -259
-13151
11305
-3878
-44981
-5430
13771
11729
16159
18815
54696
16843
-18399
37252
29398
-11163
-5121
-43294
-17018
35047
-13250
 -211
-23435
-28293
10519
-6834
-24464
-29368
-5546
33157
  917
16021
 -504
-19004
-5438
-11858
39989
-18802
-45584
17451
17215
-7681
 -166
-19694
58241
 2941
-4785
-55409
-28233
-35920
 7026
-30363
21278
-6831
-20996
 6513
17420
-24332
14527
20049
  959
 2366
 9589
11092
-35559
-8819
 9235
 7958
-1297
-44215
36108
-29421
-17184
 9356
 7147
-11045
 5720
-12250
-23731
-17076
-45821
-46719
15691
-12403
11872
-10891
-17548
45912
-7796
19167
14333
-1527
-41723
-18568
 1644
46964
 2143
34981
-10236
17424
 4879
35949
-9870
-6617
45387
-2216
 4988
10662
-4281
31855
11975
-45456
 9187
-10503
43379
10183
39771
63825
41450
-32203
39095
-1139
-17114
 9474
 7587
 4054
26451
17273
22272
12088
 6523
27143
-11846
 3634
-21942
11829
-9280
-21974
-10862
-2546
16415
-13037
 2290
 8665
55386
 6474
  596
-1091
-10496
-22811
-10871
36380
-14311
54576
-7070
68156
44127
50915
11056
11038
-40548
-11055
-8562
 3553
-19981
-39276
-8924
-8948
-15354
-4384
31069
13612
 -878
 5538
27936
-4217
 4454
 -910
10078
-11126
 1609
63072
-23478
-13568
 2207
-34079
-19270
-5702
-7948
 4027
-29180
10327
48222
-9775
15460
-2103
38832
-37013
-6603
 9372
-8737
 1554
12879
39159
 8434
44827
10020
-2143
29974
 -965
14750
-26908
-48780
17193
-64812
-6294
47264
-13126
-22476
-23185
-64175
-29056
-18790
10972
22492
42915
17975
 6128
-7276
-42421
 5130
-36625
25502
 9134
-4908
-1716
40325
41435
-39808
-12337
-42534
-43987
-17199
30103
-14685
11798
-13600
18937
-15680
37905
-21631
19948
 3044
  630
18260
-17570
26687
  890
 9849
-3303
-23551
-3652
18686
17844
 6468
42764
-22314
-7069
-8322
 1548
13216
-3604
-36279
28077
-12393
 -227
-19023
24690
 6606
 5227
-40073
-16533
-67151
-1274
-41378
25790
  965
-43781
 1912
19701
 7927
 9507
12838
58029
 3354
18140
-19371
-9741
 4301
19930
-5874
12778
27887
-2964
-19731
-11092
12304
13181
21528
10811
    4
41707
29537
24486
38417
-9824
 9463
-24490
 5997
-23094
-18331
28520
-19026
-1259
-8062
22158
-10154
-20824
-8267
-5135
 8484
-16701
-24554
  -65
 3219
 7060
35187
12187
-3067
-19718
 -914
-30356
-1729
-25159
10793
35146
 5290
 5055
11655
-10125
-50231
-9645
-10298
42975
-6896
 3692
-2446
-57620
 9060
-21570
-52077
-3932
-11466
41221
  276
 -956
17875
-1256
-14512
21547
-3920
-10558
-1239
11621
-36758
32779
12899
 7766
11378
  442
30562
-10234
-25227
16500
33847
 5951
-35263
27915
34471
15450
15881
45464
23549
-18970
-14001
-39873
-12814
26104
-16503
40139
-2697
-22291
-3823
 3235
26085
-28932
14981
 2003
-11787
-16003
13577
37176
 1874
16639
26426
11397
-8643
 7335
 9019
12742
12507
-4829
-27951
18903
32532
13048
-18928
-28908
-4961
 1281
34951
-25465
-38882
-9957
-19777
-14821
-7952
 6204
  176
-5049
23163
-11189
 1600
-15284
 1402
42020
-28908
-17851
-32584
  667
16837
-28305
44261
-30649
23088
10596
-15285
-7792
-42542
 9233
-46583
15872
43221
22359
42774
33775
-3319
22563
-8394
 6638
33214
-29027
-1764
52852
12456
-13755
-10487
-44997
-24403
-31609
-13975
11651
11551
-29336
-7836
20433
62139
-8186
-24834
-12486
 5815
 8802
40205
-4609
-10114
 4614
-16583
-25106
 6396
-56035
-9696
-35529
-47442
-19068
-63456
-5218
 9424
-13121
22451
-17850
26717
-16275
-23891
-17865
35175
-58365
-34542
16500
39266
28979
20167
-9440
33526
-15394
13470
-2390
32515
-3906
-9744
-20172
26916
-21540
25627
 5197
-11385
23575
-51648
-25799
-39685
 9654
 1931
24430
27852
-27295
-5527
-4533
-3306
-6620
  318
 7361
15310
10575
-30844
-6462
-12248
 2792
25081
-5632
32349
26781
42129
-43168
-15832
-43456
-28866
-10095
12551
19373
-17865
-5162
12602
-4652
 9185
11156
49080
-3877
-4321
-8614
 7925
-30732
-5957
 5750
 1558
13522
16441
 9113
-15136
-38282
-16025
-13085
-6532
11141
-56699
-13706
24098
10903
14626
 2441
-20232
-33310
23336
 -938
-5219
17185
 6135
-13199
-7540
49115
 4533
-37316
-4413
-17768
10235
 3608
-38647
-10786
-37332
-17881
22679
  123
62380
12637
20265
13890
 4064
31532
51516
29753
-7018
-11791
-1557
-15061
-1589
-18319
  351
-27604
35837
-6770
-41792
26021
32184
-7418
-38589
-27735
-19439
-58819
-42931
-35815
-18987
-18323
14534
 -531
 3421
-1675
-10859
-28507
38070
-27436
12162
-26925
51661
-14321
 2359
-17422
 7751
 6310
 2041
-5408
 -891
-18749
16392
  657
-2099
-34119
19545
-12519
-4424
22307
14578
 9239
-38494
-19541
 6518
-25592
21680
13750
29400
24152
30774
29392
-29503
-15402
-43091
-15964
-4105
-5263
-13727
-13667
-34850
35152
-11884
-8769
-24758
42901
44351
26097
-22963
-21944
25571
 1276
12571
17779
-31569
 7724
-32252
-14211
-5553
26801
-1611
 4294
-18845
-12758
  300
-2699
 8934
-31161
 4747
14565
13780
-18245
55263
 8145
-11525
 1535
-25181
 4604
-6465
   71
25308
46924
32115
26641
-11763
 2710
-13883
-23229
 6628
13017
-55055
 8297
-11602
-19252
 4179
11250
-7564
25309
-2087
69576
-18108
-17156
-15018
-5259
25947
 8180
-24283
11671
52804
 5460
-3399
 1531
 8965
-5026
32108
16516
-4700
20644
31869
-40342
16923
10567
-47329
 5352
-8015
-9315
-31580
-3377
18233
-3789
31150
17524
10208
20100
14303
-9821
40037
-4848
27530
33796
-41376
 7769
-24068
-30527
-23845
-11918
49083
15916
-21040
-43599
10809
-29112
-49703
-25162
-38468
14377
15728
54379
23370
36283
-22088
-7900
-11486
35056
32172
 3934
-11196
-3129
21919
 -996
 5268
14475
37833
13916
-38239
17178
 1656
-6342
-4380
-5809
 3709
30258
24640
-11270
-25785
-34993
14943
-32894
12002
-26614
15730
10745
-5034
14618
-1703
-40822
-6719
-6367
 8722
49696
 7240
29955
54035
 4844
23094
-19667
-11031
12456
-10554
-10680
13544
-17350
-10646
-19633
 4005
-16102
-46186
11020
26404
-8544
-13801
 6630
-22863
-28075
 5575
39935
-2758
 7613
27636
-46841
-5998
-8177
-24322
-2389
 5748
-21542
-12215
-14120
39829
 -685
-3194
-34917
-1022
-5367
 3288
-48627
-12550
14345
-49033
-15932
-18908
-10374
-43945
-9766
-4250
17767
30930
 8635
20764
12790
-41344
-15039
-26481
-15818
-24711
55827
36376
26365
28070
-10717
 -885
  979
-24370
37147
-10509
30962
26215
22619
-9231
-38034
 3993
-47955
-34616
-25838
 7908
12242
18070
-4877
 3885
18168
52291
15351
-24962
12021
-28559
 5607
-30438
30645
-27190
-26694
-15774
-18245
 3268
-34783
-9948
22152
-50252
-22877
-20320
-13086
-12133
30247
-19484
-14912
-18746
28798
-16536
 4215
 -741
 3560
24888
26703
-27076
-38454
-25599
-42939
-11173
-1217
10612
51208
-13351
-12480
-4457
-33030
34495
60241
19072
31172
-8645
16696
17120
 3796
 8698
18601
-8660
-6106
21189
46059
22414
-41789
-6535
23527
-16484
32008
-16469
-14136
-9563
31359
-36162
-22941
-22450
-6599
-14070
 7561
53979
-4076
-5116
-1165
-8941
21111
 1041
-47947
-22623
-10136
14602
11728
54795
19929
11463
-1483
-27733
11198
-30343
-5154
-6036
14000
17969
15800
-12635
-34853
-33532
10731
-26087
10639
-24851
20054
20884
 8980
 3980
 3176
-20692
-21402
16259
14981
49480
 9537
42504
-6370
-15974
-10129
-7908
31879
-16434
24615
-21035
-13354
 7160
17325
-10071
24847
32511
25063
-33739
 -262
-31350
26521
16439
27582
-22283
-18974
45049
26577
 -217
-18434
-14019
 5125
-17064
43069
29805
-13429
13966
-19776
  268
 1993
15013
-14406
29124
32628
28461
10827
20073
13606
 7664
-16676
-25807
-51132
 5956
-24950
-6137
-1748
-52262
16910
-5033
-4508
-17152
-17175
-15679
 3498
 4155
-32081
-27543
-40892
-26140
23176
32028
-28397
-23603
44842
-11822
36070
-3107
-33819
28491
 4347
22400
 6653
 2425
55613
-11284
-5249
 9877
14339
33583
21220
-39296
59020
40176
32069
 7170
-4040
-9580
-27327
19578
46142
-39294
 9024
 2201
-28738
12583
-15066
-18506
-5531
-33164
  358
22046
12055
22853
13374
-28190
-26515
-13440
-36841
12448
  911
10766
19211
 -620
-19462
-4369
-9842
-16309
17020
-13300
20426
-17175
13527
-2204
25604
11429
25136
-47936
-6857
17064
-15052
-6407
-14009
44479
-18983
27698
-7395
 7436
-31822
28462
-32441
13857
-2620
19198
 3969
15365
23166
-9934
-5300
 2744
-35220
-2720
-13912
26350
-37500
-1867
-9539
-20235
-3727
-23192
 -126
15992
10595
 5029
-34223
 1473
 2013
-20539
-5358
-34749
14490
34694
44920
-39408
-1114
23312
-2515
26968
-12401
14929
17245
24185
18874
25721
 -456
-17417
21103
27959
-42936
-24677
-65086
-19515
18254
36640
   49
-2940
17136
-55726
-25976
-25923
25490
-56249
-49494
-3225
-10510
 7452
-3342
-40868
-21343
-34833
 4516
 8868
20060
13534
23643
 6104
-24248
-15039
23438
-22750
 6077
-14427
12414
43486
15113
27938
 4901
-11354
32602
14347
 1170
43734
26462
20142
-32933
-21515
-7313
