 6377
-4420
-5660
 5725
 2686
-8373
-4037
-9525
-7786
11204
-2354
 5064
 1009
14098
-5374
-4487
 7952
11740
-15418
11275
 9924
 1380
-2136
 3305
-5319
 8971
-13009
-1550
 8450
 4059
-16081
-15576
-1392
-8982
-4148
-1896
-14172
-4386
-3972
-6412
13497
 -731
-10310
-6547
10623
 3811
 5278
 3749
-7701
12016
-15956
-4347
 2967
13705
-1355
-2445
 4999
 8524
-3883
-1482
 4639
 7586
 4317
 9127
-15017
-12876
-14783
-10951
10807
 1917
-10580
14155
 1360
10654
-5889
-8622
 6516
  638
-6899
-15237
-11200
 9159
  605
-2683
-12628
 4240
-12041
 2601
-10178
 -164
-5309
-9457
-12737
-11173
12043
 7238
-16014
10014
-8206
12450
10945
-4659
-5960
-11156
-3599
-6276
10361
-7101
11338
-9830
-4677
-4969
 2762
-1411
-14889
-3871
 1500
-13928
-9251
 8771
 4206
 9959
-15436
-15750
-3265
-9365
 2836
10411
