    0
    0
    0
    0
56839
35800
82970
    0
    0
20903
    0
    0
70049
    0
    0
    0
34859
131806
    0
    0
    0
93835
45184
    0
 2529
33957
    0
    0
10165
89193
101544
    0
    0
 3579
39352
 7553
    0
52574
    0
    0
    0
    0
    0
    0
12352
42878
30035
95562
48433
    0
    0
    0
71490
36782
    0
    0
    0
    0
    0
    0
    0
    0
    0
53557
    0
    0
    0
    0
98398
    0
    0
    0
    0
    0
96758
    0
    0
100330
21581
    0
    0
102911
    0
 4676
    0
24765
    0
    0
    0
    0
    0
104968
75216
    0
 4414
    0
    0
    0
    0
30345
86227
85207
    0
    0
    0
40202
    0
    0
32450
106895
 6007
    0
56117
 8787
64488
56831
 5489
    0
    0
    0
58857
32829
    0
    0
    0
28284
24755
    0
