00
00
00
00
00
00
00
00
00
00
00
00
00
00
00
00
00
00
00
00
00
00
00
00
00
00
00
00
00
00
00
00
00
00
00
00
00
00
00
00
00
00
00
00
00
00
00
00
00
00
00
00
00
00
00
00
00
00
00
00
00
00
00
00
00
00
00
00
00
00
00
00
00
00
00
00
00
00
00
00
00
00
00
00
00
00
00
00
00
00
00
00
00
00
00
00
00
00
00
00
00
00
00
00
00
00
00
00
00
00
00
00
00
00
00
00
00
00
00
00
00
00
00
00
00
00
00
00
00
00
00
00
00
00
00
00
00
00
00
00
00
00
00
00
00
00
00
00
00
00
00
00
00
00
00
00
00
00
00
00
00
00
00
00
00
00
00
00
00
00
00
00
00
00
00
00
00
00
00
00
00
00
00
00
00
00
00
00
00
00
00
00
00
00
00
00
00
00
00
00
00
00
00
00
00
00
00
00
00
00
00
00
00
00
00
00
00
00
00
00
00
00
00
00
00
00
00
00
00
00
00
00
00
00
00
00
00
00
00
00
00
00
00
00
00
00
00
00
00
00
00
00
00
00
00
00
00
00
00
00
00
00
00
00
00
00
00
00
00
00
00
00
00
00
00
00
00
00
00
00
00
00
00
00
00
00
00
00
00
00
00
00
00
00
00
00
00
00
00
00
00
00
00
00
00
00
00
00
00
00
00
00
00
00
00
00
00
00
00
00
00
00
00
00
00
00
00
00
00
00
00
00
00
00
00
00
00
00
00
00
00
00
00
00
00
00
00
00
00
00
00
00
00
00
00
00
00
00
00
00
00
00
00
00
00
00
00
00
00
00
00
00
00
00
00
00
00
00
00
00
00
00
00
00
00
00
00
00
00
00
00
00
00
00
00
00
00
00
00
00
00
00
00
00
00
00
00
00
00
00
00
00
00
00
00
00
00
00
00
00
00
00
00
00
00
00
00
00
00
00
00
00
00
00
00
00
00
00
00
00
00
00
00
00
00
00
00
00
00
00
00
00
00
00
00
00
00
00
00
00
00
00
00
00
00
00
00
00
00
00
00
00
00
00
00
00
00
00
00
00
00
00
00
00
00
00
00
00
00
00
00
00
00
00
00
00
00
00
00
00
00
00
00
00
00
00
00
00
00
00
00
00
00
00
00
00
00
00
00
00
00
00
00
00
00
00
00
00
00
00
00
00
00
00
00
00
00
00
00
00
00
00
00
00
00
00
00
00
00
00
00
00
00
00
00
00
00
00
00
00
00
00
00
00
00
00
00
00
00
00
00
00
00
00
00
00
00
00
00
00
00
00
00
00
00
00
00
00
00
00
00
00
00
00
00
00
00
00
00
00
00
00
00
00
00
00
00
00
00
00
00
00
00
00
00
00
00
00
00
00
00
00
00
00
00
00
00
00
00
00
00
00
00
00
00
00
00
00
00
00
00
00
00
00
00
00
00
00
00
00
00
00
00
00
00
00
00
00
00
00
00
00
00
00
00
00
00
00
00
00
00
00
00
00
00
00
00
00
00
00
00
00
00
00
00
00
00
00
00
00
00
00
00
00
00
00
00
00
00
00
00
00
00
00
00
00
00
00
00
00
00
00
00
00
00
00
00
00
00
00
00
00
00
00
00
00
00
00
00
00
00
00
00
00
00
00
00
00
00
00
00
00
00
00
00
00
00
00
00
00
00
00
00
00
00
00
00
00
00
00
00
00
00
00
00
00
00
00
00
00
00
00
00
00
00
00
00
00
00
00
00
00
00
00
4c
0a
53
1d
3a
2a
1f
40
20
55
27
29
46
5b
63
5a
4f
1c
34
11
2c
53
47
4e
3f
50
1d
18
4c
00
00
00
4c
0a
53
1d
3a
2a
1f
40
20
55
27
29
46
5b
63
5a
4f
1c
34
11
2c
53
47
4e
3f
50
1d
18
14
2c
01
00
20
1a
22
11
28
3f
02
22
20
15
2b
39
19
48
5e
56
23
35
56
17
1f
0b
3e
41
34
4a
1d
5f
10
5d
28
1d
32
61
09
58
36
40
17
18
24
5f
2a
3a
18
3a
48
0b
55
03
50
45
19
52
3a
24
5d
59
0c
30
0d
20
13
55
3a
0a
50
4e
0a
1c
01
46
3c
4d
07
34
24
43
46
57
61
45
5f
5a
29
09
0c
58
5d
54
38
25
22
38
26
3a
20
35
44
38
3d
40
04
39
07
2f
16
50
21
29
33
50
3b
08
06
35
01
60
4b
5f
36
1c
54
58
45
16
17
5e
03
1b
44
18
3a
43
61
33
22
1a
0f
0c
37
0c
27
08
4e
1b
21
1c
37
22
17
32
16
1c
61
58
4c
29
60
10
58
24
59
53
5f
1e
27
46
15
4e
5f
35
51
49
17
46
53
20
04
52
40
4b
61
1a
01
21
29
19
34
32
4c
40
3b
1b
31
22
5e
1c
0e
2c
1c
46
2d
08
3d
04
0e
2e
56
07
60
4f
38
3d
40
2e
11
62
07
53
40
28
4c
3d
48
35
0e
47
14
02
27
37
26
0b
1d
0b
09
0c
38
44
17
4e
60
33
5e
59
54
51
09
58
40
32
0e
40
63
0d
27
2a
3c
5f
49
2c
59
42
59
34
58
20
0e
59
35
30
2d
26
45
1e
50
12
12
15
08
07
5b
2a
08
1d
51
27
37
1c
05
03
35
05
24
14
23
12
29
01
43
5d
06
0e
3e
1d
3a
4c
10
39
51
01
1f
1e
30
2b
38
00
56
4b
26
16
33
5a
00
3d
0d
2f
55
48
14
38
1e
61
06
4e
40
3f
53
55
4f
51
15
05
4e
0a
23
01
44
21
47
2a
5a
46
4a
2f
59
4d
4f
16
03
57
42
18
61
48
2a
20
40
3c
4c
11
09
10
4f
45
05
4a
05
40
5c
07
17
26
00
41
1c
04
22
2d
5a
05
25
2b
42
04
45
28
41
54
1e
4e
12
21
35
2e
39
09
57
57
0d
0d
52
1b
37
50
0c
02
2f
14
2d
4d
1e
04
56
3b
14
1a
32
55
13
1a
0e
58
1c
17
61
31
16
39
36
58
63
3a
18
34
09
00
35
36
2a
13
0a
2b
2c
4b
07
1b
45
11
0c
30
4c
1f
13
1c
06
0c
5b
5a
3f
3d
34
5e
2c
50
2c
23
37
2f
29
40
02
39
53
2a
03
5a
4c
35
03
49
63
39
05
35
4a
53
21
39
3c
3b
46
35
32
5c
2b
14
44
33
5d
0f
2a
15
3e
5a
37
38
0c
25
55
4a
15
56
36
63
01
62
38
08
40
2c
3c
48
5a
09
44
2c
44
38
1c
21
0d
56
0d
30
42
06
35
1e
61
15
52
09
20
30
5f
57
58
34
3f
00
43
1f
17
01
63
19
0d
13
44
5e
5a
49
49
12
3e
52
06
3d
06
5f
55
5c
23
50
3e
53
08
18
33
55
0b
3e
17
45
0c
05
46
0e
2f
1b
26
4d
5d
0e
59
39
30
5f
33
47
32
0b
19
57
1f
53
0a
0f
4e
43
05
4f
0a
07
57
09
61
48
02
62
10
14
12
08
08
40
23
5d
39
46
50
38
15
1c
43
17
2b
17
14
01
00
43
5a
04
2e
56
3f
25
10
2f
17
57
15
59
19
3d
50
34
35
24
33
60
11
01
3a
50
12
42
1f
50
11
5b
44
41
2a
07
40
5c
20
04
0a
1e
5a
27
52
1f
5a
27
35
3e
2a
09
37
44
63
14
27
43
0e
1e
4b
25
24
2a
50
5d
5e
58
40
19
11
3a
16
2c
12
5c
47
36
55
2e
2f
49
63
34
29
17
09
1e
4a
4a
58
0e
2a
37
39
07
45
26
06
3b
5e
5c
3a
4f
46
06
37
44
2f
45
1e
52
4d
52
4f
35
45
28
04
0c
30
2c
62
1d
12
21
25
44
4b
0c
1c
10
1a
49
43
53
24
37
06
49
5b
20
16
53
44
55
22
50
12
24
56
4d
0d
0e
23
05
49
50
0b
0b
02
59
2e
27
2f
1a
05
0e
4a
38
4a
1a
44
44
24
31
0d
5d
2d
39
3a
47
29
04
38
4c
2c
35
24
2b
5f
33
62
5a
23
14
02
4c
0b
34
4a
5c
37
1b
40
31
19
2c
06
4e
32
30
27
08
1c
07
47
4d
47
41
33
0b
52
03
26
26
23
47
37
1e
42
49
1c
0c
4a
60
0f
0e
34
21
2b
2a
57
49
02
17
34
5d
34
1a
57
11
32
30
07
51
2b
27
0b
30
56
1e
40
36
46
10
31
21
33
30
1d
2e
1e
62
14
40
26
1e
1c
05
40
12
3d
01
54
15
12
40
61
39
1a
3b
43
5c
0b
45
1f
3f
3f
12
2e
4b
4c
0c
01
1c
08
06
3d
52
34
55
2b
2a
14
39
1a
2a
2c
40
18
55
45
61
11
4d
5b
3b
2e
02
39
33
21
59
1a
3c
02
00
03
19
45
0a
61
48
19
0a
14
05
20
61
57
19
54
23
16
60
52
31
62
61
38
08
45
2c
40
21
36
30
27
4a
15
46
30
50
2d
06
31
39
2d
35
52
4b
42
5b
04
4e
43
0d
14
0f
06
59
45
2e
1e
3d
4b
31
10
26
3d
1d
27
26
44
04
3f
3b
60
4b
4c
55
04
0b
4a
46
55
4b
2c
55
30
14
23
05
41
03
44
4e
3a
1a
51
34
13
29
3c
04
59
1f
34
43
2e
12
14
4a
56
0b
11
46
5f
2d
37
3f
22
13
2b
10
5b
18
04
5c
38
57
5c
10
43
07
34
3f
59
15
02
43
0f
37
2d
42
1b
57
4e
3f
06
61
3e
52
61
29
4c
39
00
50
15
09
43
45
05
55
5f
0f
4c
39
1f
25
28
5d
17
15
54
43
14
1c
35
59
1a
42
19
3c
52
15
32
3e
51
40
3f
17
49
0b
14
2f
1c
2c
12
2d
22
33
2a
4e
1a
25
5c
17
09
3e
53
15
42
29
1e
1c
0e
00
3f
62
18
3c
03
28
4e
1e
36
59
62
3f
21
42
43
4d
3d
5b
33
12
39
00
16
18
33
19
4c
26
5b
02
4b
1e
39
61
39
2b
08
32
48
31
1b
21
25
1f
5e
0a
16
45
60
3e
1b
62
1c
0c
2a
5b
59
07
26
3c
53
4d
1d
22
33
5b
4e
4e
4a
18
62
1d
09
1e
0c
01
4f
30
2a
13
57
59
36
25
30
59
07
0e
26
21
49
47
2f
23
42
4d
2e
4c
15
58
3a
11
53
0a
2e
60
21
2c
37
44
19
40
37
22
00
38
35
2a
47
52
31
25
49
19
4e
03
18
3e
10
54
5b
36
4f
63
50
43
41
0f
06
1d
33
06
55
4f
43
5f
05
3f
2c
43
0b
1a
56
55
41
1f
48
5e
41
46
54
27
3d
0c
51
15
15
35
22
04
4c
4c
3a
0e
1b
2e
63
1e
2c
59
50
47
57
57
5e
2b
0b
5c
31
1e
43
14
2f
05
48
59
08
33
62
1b
46
29
3b
20
60
19
4c
00
00
00
0a
00
00
00
53
00
00
00
1d
00
00
00
3a
00
00
00
2a
00
00
00
1f
00
00
00
40
00
00
00
20
00
00
00
55
00
00
00
