   74
  237
    6
  230
  249
   17
  241
  164
  229
   89
   59
  240
   33
  230
  133
  193
  251
  215
  190
   59
  153
  133
  137
   58
  220
   30
   31
  216
  212
   61
  188
   81
  207
   91
  150
  237
    2
   19
  245
   50
  245
  176
  113
  203
  154
  169
   86
  181
   37
  171
  228
   80
  204
   99
  252
  214
  134
    2
  203
  195
  175
  147
  134
   37
  119
   83
  147
   96
  227
  242
   68
   65
   98
  153
   81
  170
   28
   91
  177
  120
   25
  161
   31
  165
   48
  160
  191
   91
  166
  114
   98
   18
  201
  166
   87
   78
  106
  223
   79
   70
  211
   34
  241
  128
  201
  139
  202
   97
   85
   80
  117
   10
  146
  255
  218
  188
  208
  227
    8
   49
  244
  251
  181
   86
   90
  107
    8
  228
  186
  147
  218
   59
  156
  147
  154
   25
  221
  110
  165
   70
  196
   51
  136
   93
  243
   24
   63
  123
   78
   32
   34
  164
  140
   81
  169
  221
  150
   74
   79
  216
  193
  224
   32
  200
  189
   76
   61
   20
  229
   60
  131
  141
  166
   92
  138
  238
   17
  138
  223
  115
   17
  119
  217
   45
   94
   45
   76
  215
   32
   26
  177
  199
  120
   67
  125
  128
   21
   56
   58
  178
   40
  222
  123
  216
   10
   82
  151
   97
   19
   97
    9
   92
   85
  149
   45
  166
  112
   30
  233
   92
  192
  233
    3
  151
   93
   60
  126
  248
  191
  202
  236
   21
  121
  227
  103
   45
   10
  148
  198
  144
   62
   26
  210
  170
    9
   87
  242
  201
   93
  218
  137
  158
  191
   74
  142
   39
  219
   55
   46
  252
  192
  243
   47
  248
   11
   87
  168
  162
   39
  228
  171
   89
  149
   56
  107
  225
  215
   71
  156
  205
  169
  120
  127
  131
  228
  135
  106
   15
   99
   36
    5
  114
  228
    2
   66
   87
  108
  100
  200
  157
  165
  102
  107
  157
  181
   18
  223
   51
  180
   20
  124
   38
  114
  215
   36
  129
  162
  187
  208
  149
  217
   17
  188
   54
   33
  128
  196
  106
  204
  159
  223
   44
  114
   72
   75
   82
   54
   29
  139
  113
   61
   32
   90
  155
   24
   98
  168
   43
  198
  128
   58
  191
  242
  219
  198
   79
  113
   98
  208
  122
  199
   20
   57
  188
  231
   52
  173
   57
  245
  133
   49
  114
  141
   36
   64
   42
  149
  107
  237
   43
   22
   49
  154
  169
  194
   65
  177
   44
   97
   30
  116
  151
  250
   10
  239
   97
   96
  103
   83
  127
  252
  130
  211
  162
  153
  224
   90
  244
   28
   63
  131
  147
    7
   13
   58
  229
    5
   37
  114
  203
   23
  122
  146
   86
   13
  245
  234
   74
  166
   99
  184
  226
   36
  255
  190
   51
   94
  110
  140
   64
  227
  205
  229
   96
  209
  190
   88
  236
   58
  166
  182
  237
    1
   44
  203
  132
   73
  145
  121
   21
  223
   73
   17
  159
   47
    5
  140
   17
  113
  203
  251
    3
   21
   48
   45
  131
   94
  138
    6
   92
  182
  120
  200
  106
  186
   28
   77
  159
   68
  142
  185
   32
  238
  239
   78
   24
   89
   55
   83
  173
   79
  154
   35
  178
  157
  101
   48
   23
   79
  255
   39
  172
  253
  248
   15
  215
  158
   77
  164
  214
  183
  124
    7
  164
  155
  217
  120
  208
   38
   45
    7
  229
   32
  203
   93
  194
  228
  195
  160
  215
   80
  118
   63
   25
  175
   91
  126
   80
  122
   26
    2
   19
   58
   56
  111
  114
  122
  230
  209
  234
   87
  174
   99
   20
  240
   13
  126
  147
   14
  231
  110
  111
   11
  144
  255
  200
  146
   68
  185
    9
  109
  243
  137
  118
  144
  186
  138
  239
   80
  123
  172
  164
   44
  111
  197
  242
   38
  109
  183
   85
  237
  213
   34
  208
  246
  235
  157
   36
  249
  205
  224
   94
   29
  242
   18
  152
  117
   28
   39
  131
   92
  102
  100
  210
  134
  125
  140
  132
  241
   99
  231
   87
   15
  118
  228
  161
   23
   69
   34
    1
  230
    4
  203
  195
  218
  215
   40
   14
   36
  242
   84
  132
  196
  244
  136
   24
  130
  171
   10
   42
  124
  138
  116
   66
  242
   34
  135
   63
   73
  170
  222
  139
  152
  132
  177
  181
  240
   81
   87
  116
  151
   44
   29
   26
   74
  113
   45
  184
   37
  208
   15
  169
  222
  150
   72
   93
  248
    5
  161
  178
  115
   57
  120
   15
  137
  242
   70
   14
   61
  239
  244
   16
  143
    6
  238
   71
   64
  167
   74
   38
  126
  181
  106
   90
   64
  190
  229
  159
  237
  125
   44
  128
   96
  114
  166
   21
  128
  184
  132
  223
  247
   28
  230
  223
  233
   44
   97
   35
  109
  218
  123
  149
   73
   20
   25
   12
   78
  119
  229
  194
  228
    5
  230
  153
   10
   61
  199
  116
  201
  215
  111
   20
  254
  132
   56
  145
  165
  141
  254
  119
  212
  208
   60
  248
  129
   24
  214
   72
   40
  248
  233
  224
   27
  207
  201
   73
  136
    2
   50
  102
  113
  213
  232
   57
  148
  233
  168
  172
  187
    8
   45
  129
    5
  189
  130
   39
  209
  199
   30
   28
  101
  237
  211
  117
   74
  249
  254
  178
   86
    4
  159
  103
  114
  233
   28
   97
   86
  199
  126
  163
  190
  155
  180
  243
  124
   58
  248
    2
   81
  149
   20
  247
  148
   84
  222
  241
  219
   16
  240
  145
  204
  226
  215
  207
   76
   88
   67
  225
  103
   23
   72
  236
  101
   57
   87
  115
  153
  227
  212
   38
    3
  205
    2
  233
  161
   56
  193
  161
  111
  161
   98
   32
   55
  110
  174
   75
  175
  108
   35
  153
  176
  251
  136
  168
  246
    9
   27
   64
  112
  213
  208
  241
  226
  108
    1
   90
   46
   22
  239
   54
   41
   62
   31
   90
   49
  128
  200
   37
  206
   17
   74
  240
  195
   76
   85
   67
   17
  126
    6
  160
   51
  152
  122
   63
   80
  225
  155
   95
  236
  229
   90
   97
   56
  131
   26
  118
   35
    8
   14
  183
   85
