-15825
23831
45647
-2532
50863
35020
 7396
-10322
32765
26951
 6431
14185
24775
-5435
28121
14517
 8771
62751
-3915
25745
27581
-2345
48067
51140
-5135
 1606
51086
11184
13943
 6894
28407
 3025
-13344
 9407
49931
23514
40956
-5310
13985
13024
 2636
36917
65801
27677
-12899
45760
16450
-2661
14068
35064
12955
-5076
26407
 7640
-23993
 8896
53319
20753
16968
19346
 4329
62953
27827
43445
 9966
-19019
18390
19847
-6939
 2220
50358
  589
 5874
34988
28673
72346
26105
-6204
16931
-13537
13222
59570
 3458
-5622
22883
32759
48988
-29177
23869
29536
-5127
-25453
34837
 6369
  317
20774
27409
57702
14901
-8827
33276
62377
 2503
 4686
 8820
22306
25153
 3583
13530
30602
 9843
26746
75893
17563
 5215
17694
13049
30110
26087
20125
 4253
58532
14717
-10027
24668
-2450
31340
17604
 2062
11734
29767
49582
 2678
 1579
-2760
-2339
36596
65602
-29629
38977
-8297
22831
-29632
 5421
19360
-21247
21193
42122
47243
-7221
23572
20910
39249
 -887
  843
50339
41855
 4589
 3100
31926
36145
49993
30906
18751
25011
 9320
11661
52287
 6437
-2000
28181
-14825
13347
81322
40965
 -352
-9916
16912
 9159
36645
 9637
12528
68152
-31557
-2997
-22022
48748
44351
 9950
 6378
61744
 1250
57306
 7283
  746
42185
-10855
-12421
15769
37015
-13360
-3369
-11207
36960
28550
20531
36832
-1738
39777
17740
 4109
21838
34718
46310
39615
17106
65823
25869
12163
34666
-15665
13016
44225
 9930
33862
69841
22766
-10266
41461
22785
-23717
 1800
-17508
27492
18701
26588
28653
-25005
 9542
49658
24367
-2012
 2384
 8884
29563
 8245
-7136
36825
16611
16076
69694
38121
-10674
-5304
73267
-2188
-33553
25686
61710
25603
55095
30017
-8337
 1134
16369
42158
32840
18873
15593
-2288
32124
19059
-30323
21807
49962
16887
38274
29387
-12469
15065
20880
 8077
 2199
70298
34834
-10356
 -417
 -177
-2763
 5449
28520
45077
-4311
34609
29728
 3760
 2361
35610
-5054
 -754
18836
 7993
35400
-12749
24606
 7044
 5807
25393
 8423
81799
41733
-52669
36507
34784
12465
28389
38384
30147
-1088
39559
36754
-10797
-25186
41515
17162
-19619
12769
37467
37431
28966
14110
22114
49989
-19291
18648
35541
25267
 -510
30762
20481
-30067
39460
52395
 1583
18663
47172
16988
35151
23534
 7081
34127
26590
25080
49384
-1152
 1291
 1516
-2510
31489
69908
12740
48482
28685
  253
35826
 2514
-18223
27833
56409
16327
11857
19025
40031
-27772
11215
56906
-2391
16318
35362
39537
 1016
-23368
41333
 6222
 5860
55493
 6817
28464
22011
-4722
-4773
-8710
-25556
57337
19127
25246
  594
31044
30334
 5761
 7797
30687
-10990
26394
-2200
55962
13808
20215
40919
-25974
28096
43243
-2031
22434
33082
-3979
24685
17443
 1334
33916
46257
30974
 -286
53239
31404
-13607
58785
 5521
22091
 3204
24630
23097
-6661
21160
 4630
 6364
55572
30669
22408
13444
21373
17350
20774
35964
   80
43017
51574
 1309
52923
-4984
-28710
26212
-20289
35680
38122
15764
76158
18192
-13274
-7013
50661
27354
24936
49077
-2451
20278
14412
-12852
 5003
-19930
24613
48290
41529
30484
28336
-2222
17256
 5986
42870
  409
18638
15963
47654
18643
 2517
33295
14781
 1914
28107
35434
29145
28542
 9511
 5132
-29064
25716
53406
23703
37463
18743
31692
39677
18170
 9680
-7991
14870
 4432
-5803
35706
29201
-3049
29165
36109
11362
24300
41427
 4316
 3403
40256
 5455
 9374
35047
 -121
-8111
-3236
-5074
17593
59085
 5605
21696
35414
59427
39883
-8030
27316
39883
 1344
17220
49357
30537
71079
39440
-6194
  410
27599
46304
-16618
25921
12495
-10935
56763
34101
12313
 9960
43067
-5248
 9439
 4323
18326
 3452
44491
52860
-48493
14874
16234
 4945
 2105
28561
-10989
-10880
43011
 5186
 4393
42083
11840
24857
67583
12824
-25403
23578
20506
 5258
11862
26514
-4902
54038
59679
64616
-30713
29839
16412
48094
24970
33408
-43013
67070
27143
15245
33243
-13588
23453
-10914
63465
 1399
26129
59315
18658
46192
51642
-1124
-14431
-23887
82142
-2317
-21589
-23610
34478
 2585
14074
48945
28607
 4467
22260
55021
15479
11682
 3010
43371
59417
52738
-35205
49072
 4088
36739
 8407
22776
 9042
-2974
37256
 7679
 7776
39120
 7946
31676
-4217
30285
32850
 8893
-27034
30689
22801
12830
29707
25010
23186
26439
-15303
12661
46831
33513
26871
-19679
 2141
55110
 -117
14808
  352
32243
24580
-14692
32843
59870
 4924
-29448
 6182
 9458
28380
-27205
56346
51651
37950
 8725
43155
 8635
46472
-9123
35711
23112
-1840
35237
 8025
27394
30167
 2240
19575
-1810
47305
20182
16714
-12548
44080
18818
15438
-26223
40326
 5732
-37355
26439
 9003
26938
-5286
-13699
-3606
49650
47508
26110
27065
17699
30419
-12225
11960
52672
-34655
27224
27757
43354
44688
-6091
 4011
