   94
    0
  255
   38
   68
   46
   61
  149
   88
  150
  185
  214
  134
  226
  143
  255
  169
  138
  238
  254
  129
   90
  255
  194
    2
  187
   94
  208
   99
  201
  119
  116
  187
   46
  255
   75
  122
  135
  171
  123
  202
  144
  143
   68
   84
    0
  255
  111
  170
  255
  168
  255
  131
  127
   64
   74
  255
    0
  189
  255
    0
  255
  154
  139
   26
  210
    0
   82
  116
   69
  193
   49
    0
  143
    4
  219
    7
   63
  255
  209
  102
  255
  189
  197
  233
    0
  255
  156
   66
  100
   76
  114
  197
  166
   62
  155
   46
   67
  255
    0
    0
   73
  155
    0
    0
   93
  155
   92
  157
   64
  199
  255
   59
  178
    0
   18
   19
   66
   19
   21
   71
   45
  118
   20
  209
  162
  235
   82
  235
  131
  182
  202
   39
  206
    5
  151
    0
  131
  156
   46
  212
  255
  172
   96
   81
   36
  255
  140
   47
   84
   10
   48
   28
  140
  232
  229
   26
  255
  223
  255
  255
  215
   89
  134
   42
    0
   65
    0
  228
  235
  165
  255
  208
  142
  202
  124
  253
  117
  172
    0
  113
    0
   71
  193
    0
  181
  180
    0
  252
    6
  177
   13
  255
   51
   81
   29
  161
   28
  120
  227
   39
   62
    0
  189
    8
  197
   15
  238
  102
  102
  168
   54
  152
    0
   78
   71
   87
   71
    0
   70
  215
  166
   83
  255
   27
    9
  134
  149
  252
   84
  255
    0
  214
   75
  218
   27
  255
  114
  176
  255
   98
  124
  183
  255
  113
  102
    0
    0
  202
    0
  104
  172
  255
   15
    0
  225
  164
  214
  222
   96
  144
  192
    0
  234
   30
  195
    0
  255
  144
   36
   54
  255
  175
  186
  214
  241
  160
    0
  188
  160
   33
    1
  209
   16
  107
  202
  137
  251
  158
  193
  170
  207
  240
    0
  200
  179
   48
    0
    4
  109
  215
    0
  255
    0
  147
   40
   10
   68
  103
   58
  223
   16
  247
  189
  187
  255
   26
  184
   51
  197
  255
  227
  192
  190
  105
  107
   34
  157
    0
   36
    0
  156
  164
   77
  175
  103
  169
  121
  122
  224
   96
   40
  245
  119
  101
   11
   62
    1
  106
   25
  107
  140
  159
  175
  144
  188
  171
   56
  255
    0
  203
  194
  100
  124
  125
   27
  133
  186
    0
  197
   90
  207
   55
  207
    0
  117
  200
    0
   76
  148
  209
    9
  167
  129
  255
   21
  191
   19
  156
  129
   49
   17
  213
   90
  209
   80
  150
  153
  162
  245
  118
   54
  162
  145
  110
    0
  198
    9
  157
   34
    0
  221
  101
  202
  213
  130
  255
    0
  255
   85
  197
  150
    0
  186
  151
   74
  101
  203
  118
  106
   30
    0
  152
   35
  122
  187
  166
   70
  101
    0
  242
    2
  233
  126
  120
  255
   27
  186
  142
  204
   57
  161
    0
    0
   69
  184
  204
  206
  255
  110
   48
  220
   23
  130
    0
  122
  102
    0
  132
    0
  255
    0
  181
  173
    0
   42
  238
  191
   38
  226
   99
  218
  116
  169
  105
  210
  212
   60
  255
   34
  247
  116
  133
   67
    0
  238
  152
  100
  136
   67
   88
   21
   79
  157
   46
    0
  153
  181
  255
  109
  202
   70
   40
  255
   89
  158
   70
  255
   94
  255
    0
  166
  149
   94
  255
  105
  255
  155
  139
  255
    0
  188
   27
   66
    9
  185
    0
  140
  167
  157
   81
  255
   95
  235
   18
  168
   86
  135
  102
  172
   56
    0
  176
  112
  176
  179
  255
  156
  173
   98
   74
  122
   34
   42
  153
   26
   84
  117
  189
  130
    0
  255
  228
  105
  209
  145
   52
   59
  122
  181
    0
    0
   60
  117
    0
  199
    0
  146
   39
   14
   81
  180
   80
  132
   66
  255
   82
  212
  185
  158
  151
  223
  255
  130
    0
  128
    0
  154
  111
  130
   19
    0
  108
  214
    7
    0
   29
  118
   61
   85
  129
    0
   65
  186
  103
  148
   79
   92
    0
  218
   60
  255
  100
   10
  192
  109
  255
  153
  255
   59
  255
  139
  147
  255
  179
   26
   37
  224
  152
   72
   77
  217
   27
  255
  188
  134
   78
  121
  242
  231
  144
  255
  234
   18
  136
  227
    0
  123
    0
  156
   74
  233
  150
  252
  159
  165
  219
   60
  241
  164
    0
  255
  255
   51
  255
    0
   80
  255
   97
  210
   87
   37
   93
    0
   50
    0
  255
   48
    0
  113
   36
   36
  140
  203
  139
   81
  193
    0
   38
  255
    0
  243
    0
  156
   54
    0
  163
  197
  243
   72
  149
  156
   28
   76
  164
   85
  115
  230
   59
