    0
    0
    0
    0
  175
    0
    0
    0
    0
    0
    0
   99
    0
  255
    0
    0
  255
  126
    7
  102
   37
  165
  255
    0
  255
   90
   23
    0
    0
    0
   72
   44
  255
   46
    0
  118
    0
    0
    0
    0
  123
    0
    0
    0
    0
    0
   74
    0
    8
    1
    0
    0
    0
   46
    6
   62
   77
    0
    1
    0
    0
    0
    0
  160
    0
  113
    0
    0
    0
   46
    0
   74
  226
    0
   36
    0
  104
    0
    0
    0
  255
   19
  169
  255
    0
  255
    0
    0
    0
   35
    0
    0
  253
   78
    0
    8
  129
  112
  221
    5
    0
    0
    0
    0
    0
   56
  184
    0
   12
    0
    0
    0
  122
  255
   83
    0
    0
   73
    0
  247
   97
    0
    0
    0
  218
    0
    8
    0
   88
  252
    0
    0
    0
   12
  157
    0
    0
  255
  255
  255
   19
  220
    0
   70
   44
  164
    0
    0
    0
    0
   28
    3
   41
   60
    0
   72
  255
   55
  211
   53
    0
  135
    0
    0
  164
  213
    0
  255
  144
  169
    0
    0
    0
   19
   37
    0
    0
   19
   81
  129
    0
  147
    0
    0
  136
    0
    0
    0
    0
    0
   55
   52
   68
    0
  124
   19
  136
  123
    0
    0
    0
    0
    0
  223
    0
    0
    0
    0
  251
  237
   76
    0
  202
    0
    0
  119
    0
    0
    0
    0
    0
   29
   49
    7
    0
    0
  158
  151
    0
   76
    0
  244
   45
    3
    0
  103
    0
   54
  209
   95
    0
    0
    0
    0
   63
  106
   74
  206
   32
  255
    0
  128
    0
    0
   55
  167
  130
   43
    0
  255
    0
    0
  192
   83
    0
   63
  129
   73
    0
  144
    0
    0
    0
  182
  110
    0
    0
  154
   50
    0
    0
  139
    0
    0
    0
    0
    0
  255
    8
    0
   50
    0
    0
   91
  173
    0
  200
    0
  173
   69
    0
    0
   12
   72
   68
    0
   36
    0
   15
  123
    0
    0
  209
   50
    0
    0
    0
  124
   11
   18
   61
   71
    0
  123
    0
  172
   45
  182
  251
  153
   39
    0
    0
  218
    0
    0
   27
    0
    0
    0
    0
    0
    0
    0
  201
    0
   48
    0
    0
   42
  145
   25
   58
   55
  255
  180
    0
    0
    0
    0
   51
    0
  115
  236
  163
    0
  228
  246
    0
   66
    0
  151
    0
    0
  161
   28
    6
  126
    0
   80
    0
    0
  255
  101
    0
  205
    0
  128
    0
  171
    0
    0
   31
   50
   50
    0
  103
    0
   94
    0
    0
  124
   19
    0
    0
    0
    0
    0
    0
  255
   58
   53
    0
  230
  146
    0
   82
   50
  167
    0
  122
    0
  109
    0
    0
  213
    0
   19
  113
    0
    0
    0
    0
   27
  155
   39
    0
    0
   57
    0
  133
    0
  246
    0
    0
   69
    0
    0
    0
   79
    0
    0
    0
    0
  168
  242
  217
    0
   10
  177
   53
  255
    0
  115
   12
  231
   37
   55
    0
   58
    0
    0
    0
   67
    0
    0
    0
    0
    0
    0
   70
    0
    0
  125
    0
    0
  148
    0
  255
    0
  255
  200
    0
    0
  155
   41
    0
    0
   30
   28
    0
    0
  223
    0
  146
    0
    0
  199
    0
  234
   77
  212
  118
   90
   61
    0
  158
    0
    0
    0
   85
  189
  255
    0
   61
  120
  133
   72
    0
  196
    0
    0
    0
  130
   67
    0
   82
    0
  166
    0
    0
    0
  255
   38
    0
   48
  146
    0
    0
    0
   44
    0
  108
    0
    0
    0
    0
    0
  226
    0
    0
   36
    0
    0
    0
   44
    0
  167
    0
    0
  243
    0
   83
   35
  255
  226
