  208
  208
  208
  198
  198
  245
  245
  245
  169
  169
   96
   96
  144
  255
  255
  255
  245
  245
  178
  255
  255
  255
  199
  199
  199
  232
  208
  208
  191
  191
  245
  245
  245
  169
  169
  136
  136
  144
  255
  255
  255
  225
  178
  243
  255
  255
  255
  136
  103
  103
  232
  208
  255
  255
  255
  245
  245
  245
  169
  169
  136
  228
  228
  228
  225
  225
  225
  136
  243
  255
  255
  255
  193
  193
   98
  255
  255
  255
  255
  255
  191
  115
  117
  117
  136
  164
  228
  228
  228
  225
  225
  225
  153
  243
  243
  243
  193
  193
  193
  195
  255
  255
  255
  255
  255
  204
  110
  117
  117
  255
  255
  255
  228
  228
   96
  153
  153
  153
  255
  255
  255
  193
  193
  193
  195
  255
  255
  255
  223
  204
  204
  164
  110
  144
  255
  255
  255
  184
  184
  144
  153
  153
  155
  255
  255
  255
  163
  190
  190
  195
  255
  241
  223
  223
  204
  204
  172
  255
  255
  255
  255
  255
  161
  144
  144
  143
  143
  155
  255
  255
  255
  193
  193
  193
  190
  255
  241
  223
  223
  172
  255
  255
  255
  255
  255
  255
  255
  161
  241
  241
  241
  215
  215
  155
  155
  164
  193
  193
  193
  180
  255
  135
  195
  195
  195
  255
  255
  255
  255
  255
  255
  255
  255
  255
  241
  241
  215
  215
  117
  176
  176
  193
  193
  193
  116
  139
  115
  195
  195
  195
  255
  255
  255
  148
  255
  255
  255
  255
  255
  241
  241
  215
  215
  149
  176
  176
  176
  164
  143
  162
  139
  146
  195
  195
  195
  149
  195
  195
  195
  138
  255
  255
  255
  255
  142
  154
  204
  204
  204
  184
  184
  184
  154
  143
  162
  192
  192
  192
  146
  146
  138
  255
  255
  255
  189
  255
  255
  255
  163
  142
  220
  220
  220
  204
  184
  184
  184
  222
  222
  222
  192
  192
  192
  161
  161
  216
  255
  255
  255
  189
  189
  139
  139
  223
  223
  223
  220
  220
  204
  184
  184
  184
  222
  222
  222
  218
  192
  192
  161
  168
  216
  255
  255
  255
  189
  189
  139
  139
  223
  223
  223
  220
  220
  207
  229
  229
  229
  222
  222
  222
  218
  159
  217
  217
  217
  216
  216
  216
  129
  140
  140
  168
  201
  223
  223
  223
  207
  207
  207
  229
  229
  229
  255
  255
  255
  218
  197
  217
  217
  217
  168
  168
  129
  129
  140
  188
  188
  201
  201
  206
  206
  207
  207
  207
  229
  229
  229
  255
  255
  255
  197
  197
  217
  217
  217
  119
   87
  100
  208
  208
  208
  188
  201
  201
  206
  206
  206
  167
  167
  167
  148
  186
  255
  255
  255
  197
  197
  191
  191
  191
  157
  136
  136
  208
  208
  208
  188
  230
  230
  230
  154
  232
  232
  232
  167
  155
  186
  186
  192
  192
  255
  161
  161
  180
  180
  180
  136
  136
  221
  221
  221
  146
  230
  230
  230
  154
  232
  232
  232
  206
  206
  206
  155
  192
  192
  255
  168
  168
  180
  180
  180
  164
  255
  255
  255
  221
  133
  230
  230
  230
  138
  232
  233
  252
  252
  252
  206
  187
  192
  192
  255
  255
  168
  180
  180
  180
  247
  255
  255
  255
  231
  231
  201
  201
  201
  103
  255
  255
  255
  252
  252
  206
  187
  191
  191
  255
  255
  214
  168
  169
  232
  247
  255
  255
  255
  231
  231
  201
  201
  201
  145
  255
  255
  255
  252
  252
  134
  187
  191
  191
  255
  255
  214
  129
  169
  232
  247
  247
  247
  231
  231
  231
  201
  215
  215
  215
  255
  255
  255
  152
  152
  233
  233
  233
  191
  214
  220
  220
  220
  201
  232
  232
  232
  206
  191
  191
  143
  143
  215
  215
  215
  145
  145
  152
  184
  184
  233
  233
  233
  172
  157
  220
  220
  220
  201
  168
  168
  181
  182
  193
  193
  193
  185
  215
  215
  215
  118
  205
  205
  205
  184
  233
  233
  233
  174
