    0
  178
  198
   28
  127
   25
   96
  109
   34
    0
  107
  187
    0
  199
    0
  208
   66
   16
  108
   38
   71
    0
  196
   22
  112
  101
   66
   51
   52
   38
  255
   20
   50
  101
   16
   57
   96
  122
    8
  116
   10
    0
  120
   97
   45
   25
  110
   52
  160
    0
   35
   37
  255
    0
  190
   38
  255
   47
    0
  172
  132
   88
  161
    0
    0
   73
  111
   37
   95
    9
  125
    0
  195
  149
    0
   81
    8
  136
    0
    0
  111
    0
  116
    9
   67
   49
  146
   55
  195
   72
   98
  120
    0
  204
   72
   66
   91
  133
  138
    3
  161
   22
   26
   85
    0
    0
   74
    2
  118
   30
    0
    0
    0
   18
  217
   87
   83
   81
    0
  201
  206
    0
    0
  148
  255
    0
   57
  109
  113
   37
    0
  208
  146
  123
   70
    0
   17
  139
    0
  141
  255
    0
  107
    0
   48
  221
   48
  168
   36
   71
  173
    0
   63
    8
    0
  106
  129
   91
  247
  102
   72
  201
    0
  255
    0
  134
   54
  111
    0
   89
  116
   90
    0
  182
  104
    8
    0
    1
   96
  128
   19
   24
   60
  157
    0
   35
    0
    0
  185
  105
  118
   46
    0
  108
  174
   15
