-15825
45647
50863
 7396
32765
 6431
24775
28121
 8771
-3915
27581
48067
-5135
51086
-23993
53319
16968
 4329
27827
 9966
18390
-6939
50358
 5874
28673
26105
16931
13222
13530
 9843
75893
 5215
13049
26087
 4253
14717
24668
31340
 2062
29767
 2678
-2760
30906
25011
11661
 6437
28181
13347
40965
-9916
 9159
 9637
68152
-2997
48748
 9950
65823
12163
-15665
44225
33862
22766
41461
-23717
-17508
18701
28653
 9542
24367
 2384
32124
-30323
49962
38274
-12469
20880
 2199
34834
 -417
-2763
28520
-4311
29728
 2361
17162
12769
37431
14110
49989
18648
25267
30762
-30067
52395
18663
16988
23534
34127
35362
 1016
41333
 5860
 6817
22011
-4773
-25556
19127
  594
30334
 7797
-10990
-2200
-6661
 4630
55572
22408
21373
20774
   80
51574
52923
-28710
-20289
38122
76158
-13274
14781
28107
29145
 9511
-29064
53406
37463
31692
18170
-7991
 4432
35706
-3049
36109
71079
-6194
27599
-16618
12495
56763
12313
43067
 9439
18326
44491
-48493
16234
 2105
-43013
27143
33243
23453
63465
26129
18658
51642
-14431
82142
-21589
34478
14074
28607
-27034
22801
29707
23186
-15303
46831
26871
 2141
 -117
  352
24580
32843
 4924
 6182
15438
40326
-37355
 9003
-5286
-3606
47508
27065
30419
11960
-34655
27757
44688
 4011
