  247
  228
  240
   75
  130
  228
   89
   41
  116
   67
  248
   84
  243
  169
  233
   32
   80
  188
  228
  153
   42
  101
  219
  218
  167
  118
   16
  166
  144
   38
  242
  186
   86
   30
   86
   51
  111
   41
   74
  106
  232
  225
  203
   48
  175
   47
  230
   32
  131
  164
  199
  194
    7
   38
   10
  254
   42
    8
  140
   81
  224
   49
   74
  156
   40
  143
   85
   37
  174
   57
  182
   99
   77
   57
   94
  116
  199
    7
  212
  194
   43
  104
  234
  173
    8
   17
  138
  158
  101
  119
  116
  233
   42
  189
  145
   80
   17
  226
  198
  216
   77
   51
   21
  149
   85
  169
   28
   56
  152
   91
  113
  255
   39
  252
  138
    4
  210
   13
  198
   80
  173
   20
  131
  156
  123
  189
  180
   47
  126
   17
   69
  254
  247
    5
  141
  239
  166
  196
   21
  204
   97
   13
  203
   37
  180
  242
  152
  137
  212
  226
   92
   22
   12
  118
    7
  229
  122
  110
  193
  132
  224
    3
  214
    0
   58
   14
   71
  207
  198
  112
  102
   62
   42
  132
   42
   35
  115
  106
   76
  129
    1
   74
    9
  159
   18
   39
   33
  103
  142
  194
   10
  178
  188
   76
  236
  151
   28
   99
  123
  244
   42
  120
   60
   44
  154
  159
  182
  245
  156
   57
   69
  113
   12
   39
   18
  235
   36
   92
  229
  169
  160
  245
  145
   73
   38
  249
  166
  139
  148
  231
   50
   47
   87
  111
  223
    9
  255
  104
  207
  242
    9
  102
   26
  204
    5
  170
  123
  150
   56
  212
  123
  141
   91
   78
   57
  152
  177
  185
   83
  191
   15
  133
   24
   44
  173
  218
  185
   24
  240
  122
  232
   80
  197
  216
  229
   51
  156
  190
  192
  129
  206
  234
   52
  227
  248
  130
  192
  154
  190
   15
  177
  219
  216
  207
   16
  182
   84
  120
   54
   37
  108
  195
  235
   73
   80
  181
  149
   23
  127
  182
  116
  184
  234
  155
   17
  114
  104
  143
  196
  130
  128
  228
   65
  217
  148
  152
  138
  220
   86
   14
   71
  101
  247
   32
  186
  250
  156
   53
  113
   13
  159
  180
  249
  193
  193
  187
  190
   28
   31
   86
  148
  157
   36
  120
   92
  245
   30
  128
   41
  118
  248
  249
   98
  178
   74
   49
   65
  168
  196
  215
   20
   44
    4
   27
  226
   34
  163
  165
   38
  207
  179
  187
  177
   65
  247
   65
  120
  232
  147
  172
  148
  173
   11
   38
    7
  212
  169
  139
   17
  104
  171
  238
   91
  113
  191
  165
   80
   72
  235
  174
   15
  150
   49
   17
  140
   88
  139
   36
   25
  196
  133
  199
  209
   76
    3
  247
  114
   43
   41
  195
  160
   52
  199
  153
   48
  140
  119
  204
   32
   21
   44
   76
  182
  144
   62
  107
  196
  203
  132
  135
   78
  189
   65
  221
  209
  144
  178
  247
   41
  171
  168
   66
  136
  191
  221
  214
  140
  241
  255
  181
  135
  199
    3
   21
  177
  204
  153
  140
  190
  228
   26
   20
  186
  119
   46
   25
  183
  184
   26
   44
   64
  193
   34
   28
  134
  205
  151
   60
  133
  134
   66
  200
  179
  115
  145
   41
  106
  116
  254
  198
   75
   44
   44
  153
  214
  203
  219
  220
  211
  162
  204
  176
  239
    3
   38
  135
  242
   65
  157
  120
  197
  199
  134
   32
   74
  111
    2
   84
  104
   67
   17
   16
   53
  238
   27
  116
   65
  149
   61
   37
  142
   12
   33
  121
  242
  142
  126
   95
  222
  175
   84
   52
  200
  230
  247
  218
   56
  168
   43
  130
   72
  182
  230
  134
   18
  117
  161
   99
  185
  152
  192
   15
  121
  204
  102
  123
  255
   64
  220
  168
  237
   97
  144
  231
   40
   72
  138
  130
  167
  139
  218
   14
  255
  162
  106
  157
  255
  161
  125
   16
  213
   99
  186
   40
  117
  169
  199
   51
  117
  240
  222
  240
  146
  227
  187
  186
   99
  213
  104
   32
  236
  124
  105
   26
   66
   82
  248
  247
    3
    3
  131
   73
   70
   17
   19
  221
  202
   91
   12
   88
   49
  174
  186
  235
  187
  129
   35
  191
   22
    3
   36
   91
   78
  172
  225
  122
   31
  135
   41
  185
  216
  138
  115
  132
   44
  245
    3
  110
   57
   79
  206
  119
  182
  195
   32
  155
   56
  136
  132
   83
  100
   92
   46
  107
  215
   16
  253
  135
  129
   58
  184
  194
   54
  161
  126
  122
  199
  236
   77
  165
   23
   38
  215
   35
  242
   92
  179
  113
  163
  177
   52
   37
  100
    5
   57
   12
   96
  183
  182
  180
  144
   48
  197
  112
   67
   91
  223
   49
  219
  209
  192
  100
   85
  147
   80
  175
  161
  151
   51
  121
   60
  116
  230
  145
   18
   96
  241
  249
  100
   25
  165
   98
  176
   92
   37
  137
  117
   12
  100
  223
   48
  165
  186
  191
  246
  209
   95
  179
  204
  190
   74
  108
  193
  187
