-41345
-47902
-17581
 2158
-20538
-29578
12999
-42669
-37445
-37330
-37067
-57976
-63474
-50513
-9564
-20990
-39087
-34722
-46865
-42880
-25029
-15238
-18844
13767
-27720
-65702
10153
-61282
 6834
-68617
-1794
 3175
 5355
-10261
 -549
-56915
-4829
-18770
26931
-33833
-6148
-89547
-30103
-46125
 2095
-40648
-86542
 7812
29113
-22876
-22103
-43208
-31169
 1908
-66181
-37397
-20168
-3435
 1666
 2820
-32024
  145
-26731
-6510
 3170
-63748
23589
-6959
-17763
-29983
35363
-21161
-53924
-2734
-8665
-8582
 2910
25408
-10834
-26876
-41976
-22553
-73067
-12732
-52821
-11896
-6697
26878
-30338
32821
-73829
-35842
-35306
-65672
-66849
-53840
-33943
-100779
-42168
-60615
-37594
-63826
-34623
-44538
-21174
-59925
-27921
-49303
-57027
-48282
-56824
 2082
-65754
-48994
-30077
-15029
10185
-14716
-32221
 2876
-17112
-9515
-18454
-20724
-39194
13299
-9165
-27358
18520
 3289
15748
14457
-56117
-36378
-38918
-3678
-42102
-69567
-21108
-35700
-55473
-15681
-13175
-24627
-29698
 5019
-54520
-10045
-37760
-22116
-54674
-53927
-62803
 3891
-48175
-27834
-2168
23013
21330
-34789
-9518
-14214
-51786
-58860
-44912
-49686
-17379
-52867
-75668
-50171
-63064
-4542
  194
-34851
-11570
-24184
-34386
-89306
-75839
-47716
-37963
14059
-60256
14757
-24429
53924
-1903
-17307
-18649
 2136
-11128
-54195
 8191
-14866
-66728
-19200
-17929
 6965
-16619
-12868
 6097
-33581
11799
-6951
-36838
-25296
-69153
-14142
-83560
-51496
-79090
 4707
-12174
-47524
-41220
-37882
-25792
-8791
-25588
-34195
-51838
-18793
-44236
-55669
-23632
-34877
13801
-30062
-33840
-22737
-2816
11932
-12429
-34901
-31061
-39197
-31424
-40121
-64523
-26854
-57143
-40850
-62443
-36455
-3614
14603
34688
-16634
-13910
-58426
-59327
-33330
-74894
-18730
-63799
-59774
-29828
-6612
 7828
-24405
-12422
-27486
-15122
-32375
-6559
-42939
-79679
-19167
-25275
-35081
-100343
-63843
-34356
-9858
-31769
-21600
-3724
 3742
-46273
 9041
-18732
17557
-21929
13667
 6205
-72507
-7766
-20786
-62933
-28845
-19510
-28057
-44509
10331
-11518
-30754
-11551
-28934
-7626
-37212
-45666
-12615
-94245
-33697
-75205
-29919
-43983
-56710
-69816
-32752
-43716
-32467
-29062
22046
-42209
-33431
-49732
-6273
-42787
-61960
-19808
-16076
-32617
 2891
-14549
-19237
-34803
-40990
-10506
-33937
-54683
-39964
-35299
-19043
-1049
13074
-44449
-62652
-25372
32113
-15466
 1866
 6605
12114
-40977
-70755
-37194
-4971
-39020
-47595
-22548
45657
13056
 4064
 8005
10956
21935
-39943
-29439
-48566
18591
 8958
-69701
-44109
-61729
-10135
-4159
-30318
-60539
-23955
-32060
-53523
-61126
-43761
-57331
-81860
-74512
-33016
11669
-62043
-43580
-28992
 -826
-33807
-60297
-10949
-34952
 4172
-14305
-11763
-38161
15640
-35768
 1529
 2643
44802
 7028
29799
 1876
-1578
-21246
-13703
 3126
-54633
-53458
-22803
-21207
-20704
-52524
-101636
-76954
-43935
-51402
-22523
-48752
-43776
-73667
-87966
-88913
-63285
-52065
-56090
-74915
-53070
-32829
-83810
-33534
-35659
-14182
-33172
-1173
-46927
  276
 2971
-12692
-12652
-7126
14405
-6460
-33344
-20126
-22234
-6165
-18611
 1309
-36827
 8338
-17306
 1628
-50706
18711
-21228
-5719
-81672
14436
-15168
-6914
-31626
-51120
-26276
-39951
-20344
-73207
-2521
-63078
-17194
-29952
33038
-26364
-23982
16240
-20897
 8409
-7026
-22603
-70181
-12787
 3222
-41382
-53433
-55459
-25450
-3481
59834
-9046
27914
-29071
-25378
-44561
-7500
-48194
-33843
-37673
-7017
-22233
-44576
-26376
-55056
-43503
-23257
 3606
-34220
-30146
-68098
-56862
-28835
-91929
-59632
-72025
-41445
-31547
-13878
-21426
-19804
-4384
-61781
-20792
-55087
-41962
-50395
-33157
-44960
20948
-21014
28561
-40704
29237
-39472
-16065
-21928
-11394
 4346
-78413
-46153
-79570
-31973
-20360
-30911
11970
-36991
 7124
-38832
-2012
-26044
-39059
-55669
-39829
-26315
-28025
-12551
-8490
-12912
-16050
-7120
-32428
 6508
15587
-6623
-2857
-42358
-22407
-56167
-76321
15790
-45889
 1565
-24035
-19708
-30342
-21375
-52769
-21193
-57657
-51538
-82252
-75336
