14916
-8886
-10532
 5516
-15726
 8219
-10254
 8148
 6146
-8567
 2708
-7666
-1367
 3899
 3263
-6230
 3828
   30
 1670
  481
 3469
-14339
-6429
10406
-3495
-6303
 -858
-2601
-4487
-7799
-8653
-13249
-9695
-15171
-14453
10457
11794
-1394
-9041
-13742
-2223
 7576
-15581
 1307
-15456
-10352
-15714
-2117
-14061
 6708
 3318
 9762
-5779
13626
-8983
-10810
-3504
-1183
  373
14415
14805
-1127
  164
10875
-10114
-7744
 3052
 -848
10668
-14342
-3720
-12710
14480
 8482
  817
 8070
-1258
-15865
 2199
-3059
-13021
 1607
-4658
-6677
-3906
 2017
 8011
 4299
 9902
-2434
-3837
 1135
12212
-14519
-4782
-3264
-4560
-2849
 3541
 8775
-3539
  305
-14907
 2703
-8938
-6325
16011
13866
-7487
-11337
-11349
-11826
-13275
 7134
11654
 2061
-2326
 9634
 5813
-9253
-4383
10742
13151
 5595
15737
-1048
 4993
10115

