   -7
  -53
  125
 -114
  -77
   24
  114
  -93
   39
  -85
  112
  -36
    7
  -49
  109
   70
 -111
  -18
  113
  -99
   11
  -37
 -123
  -90
    2
   63
   -9
 -116
 -112
   20
   75
   31
 -115
  -55
   51
  -91
   54
   -2
  -93
  -94
  103
   -2
  -98
   52
   32
   61
   81
   49
   94
 -123
   95
   21
  -31
  -49
  -50
   57
  105
    8
  100
  -23
  102
  -69
   28
  -41
  -76
  -74
   51
  -59
  -63
  -92
   -3
  -53
  104
   -1
  -35
   32
   81
   75
 -100
    9
  -64
  -89
   57
  -97
 -126
  109
  104
  -46
  126
 -100
  127
   71
   86
  -24
  -31
 -121
 -116
  -95
    2
   40
   62
  -31
  125
 -112
   26
   79
  -95
 -112
  -14
  -39
 -127
   69
  -60
 -126
  -48
   61
  -89
    6
  -91
  -20
  -75
    5
  -22
  -44
  104
  -36
  126
   89
