64965
11963
    0
41274
27652
    0
76616
    0
    0
97575
    0
    0
84879
51944
    0
    0
59929
    0
    0
    0
34353
42814
83340
    0
88591
    0
149801
17240
64263
    0
    0
    0
    0
    0
 9218
56880
    0
    0
    0
    0
29832
    0
32705
    0
    0
29933
19226
22779
38226
    0
30681
    0
10184
107035
28945
    0
    0
20291
20654
    0
81441
    0
    0
45217
    0
152897
76765
75580
54680
    0
    0
15366
    0
53801
    0
    0
    0
    0
34866
25577
116113
85463
69959
    0
    0
    0
78626
151888
    0
41304
    0
    0
76262
47827
38073
20205
11472
    0
42437
13270
38540
    0
22384
    0
    0
59376
83723
67400
    0
148525
    0
107556
    0
56274
139582
    0
    0
    0
    0
50722
 7995
    0
75437
    0
65657
    0
    0
30001
