    0
    0
    0
    8
    0
    0
   50
    0
    0
    0
    0
    0
    0
    0
    0
    0
    0
    0
    0
    0
    0
    0
    0
   53
    0
    0
   39
    0
   26
    0
    0
   12
   20
    0
    0
    0
    0
    0
  105
    0
    0
    0
    0
    0
    8
    0
    0
   30
  113
    0
    0
    0
    0
    7
    0
    0
    0
    0
    6
   11
    0
    0
    0
    0
   12
    0
   92
    0
    0
    0
  138
    0
    0
    0
    0
    0
   11
   99
    0
    0
    0
    0
    0
    0
    0
    0
    0
  104
    0
  128
    0
    0
    0
    0
    0
    0
    0
    0
    0
    0
    0
    0
    0
    0
    0
    0
    0
    0
    0
    0
    0
    8
    0
    0
    0
    0
   39
    0
    0
   11
    0
    0
    0
    0
    0
   51
    0
    0
   72
   12
   61
   56
    0
    0
    0
    0
    0
    0
    0
    0
    0
    0
    0
    0
    0
   19
    0
    0
    0
    0
    0
    0
    0
   15
    0
    0
    0
   89
   83
    0
    0
    0
    0
    0
    0
    0
    0
    0
    0
    0
    0
    0
    0
    0
    0
    0
    0
    0
    0
    0
    0
   54
    0
   57
    0
  210
    0
    0
    0
    8
    0
    0
   31
    0
    0
    0
    0
   27
    0
    0
   23
    0
   46
    0
    0
    0
    0
    0
    0
    0
    0
   18
    0
    0
    0
    0
    0
    0
    0
    0
    0
    0
    0
    0
    0
    0
   53
    0
    0
    0
    0
   46
    0
    0
    0
    0
    0
    0
    0
    0
    0
    0
    0
    0
    0
   57
  135
    0
    0
    0
    0
    0
    0
    0
    0
    0
    0
    0
   30
    0
    0
    0
    0
    0
    0
    0
    0
    0
    0
    0
    0
    0
    0
    0
    0
    0
    0
   14
    0
   35
    0
   68
    0
   53
   24
    0
    0
    0
    0
    0
    0
    0
    0
   40
    0
    0
    0
    0
    0
    0
    0
    0
    0
    0
    0
    0
    0
    0
    0
    0
    0
    0
    0
   86
    0
    0
    0
    0
    0
    0
    0
    0
    0
   11
    0
    0
    0
    0
    0
    0
    0
    0
    0
    0
    0
   51
    0
    0
    0
  125
    0
    7
   25
   47
    0
    0
    0
    0
    0
    0
    0
  178
   51
   15
   31
   42
   85
    0
    0
    0
   72
   34
    0
    0
    0
    0
    0
    0
    0
    0
    0
    0
    0
    0
    0
    0
    0
    0
   45
    0
    0
    0
    0
    0
    0
    0
    0
   16
    0
    0
    0
   61
    0
    5
   10
  175
   27
  116
    7
    0
    0
    0
   12
    0
    0
    0
    0
    0
    0
    0
    0
    0
    0
    0
    0
    0
    0
    0
    0
    0
    0
    0
    0
    0
    0
    0
    0
    0
    0
    0
    0
    0
    1
   11
    0
    0
    0
   56
    0
    0
    0
    0
    0
    0
    5
    0
   32
    0
    6
    0
   73
    0
    0
    0
   56
    0
    0
    0
    0
    0
    0
    0
    0
    0
    0
    0
    0
  129
    0
    0
   63
    0
   32
    0
    0
    0
    0
   12
    0
    0
    0
    0
    0
  233
    0
  109
    0
    0
    0
    0
    0
    0
    0
    0
    0
    0
    0
    0
    0
    0
   14
    0
    0
    0
    0
    0
    0
    0
    0
    0
    0
    0
    0
    0
    0
    0
    0
    0
    0
    0
    0
    0
   81
    0
  111
    0
  114
    0
    0
    0
    0
   16
    0
    0
    0
    0
    0
    0
   46
    0
   27
    0
    0
    0
    0
    0
    0
    0
    0
    0
    0
    0
    0
    0
    0
   25
   60
    0
    0
    0
    0
    0
    0
   61
    0
    6
    0
    0
    0
    0
    0
    0
    0
    0
    0
    0
