  593
 9254
13404
 9870
-12362
14932
-15587
-13227
13031
 4572
-5863
 4934
 4305
-10609
 6987
 5887
-10319
-13000
-10137
12347
-7461
13951
-6518
 9372
-8767
10586
15244
-8538
14673
-10205
 7723
-9416
 5346
  680
 9598
-3162
14847
-1639
 6349
-14360
  277
 4338
-6535
 -103
11705
-2920
 -575
 9644
-14483
  482
 3832
 4072
 1085
12778
-3871
-4272
-12448
14468
13610
-1560
-8313
  220
12227
-2746
 6953
-2063
 4755
-4588
-11769
  561
-3700
 6817
10977
  418
-11332
-14607
12134
 4155
 4804
 5391
-13901
-1944
-4782
-7761
-14633
12245
-5160
-9487
-13457
-1897
-2999
15789
-11420
10975
-5756
  297
-5975
-15875
 7431
-11925
-12145
13773
  477
-11212
12535
-3297
-6903
-4040
-6216
 9232
 7695
-1306
 9739
  541
-14131
12216
-7695
-8251
-16084
 6361
-2756
10306
-11320
-14074
 2157
